BE_BA_AREA	EH_BA_AREA	TOT_BA_AREA	XUTM	YUTM	ELEV	SLOPE	SPR_02_TC1	SPR_02_TC2	SPT_02_TC3	SUM_02_TC1	SUM_02_TC2	SUM_02_TC3	FALL_02_TC1	FALL_02_TC2	FALL_02_TC3
0	6.8989	36.31	1948687.63	2596421.25	422	26	64	127	107	71	135	116	63	119	121
11.523	0	25.05	1948643.25	2596611.75	399	23	78	135	96	93	165	110	79	131	106
0	0	0	1949373.38	2594041.5	536	7	85	100	67	95	133	89	89	127	103
7.503	0	18.3	1949316.25	2594244	565	15	82	108	68	106	166	93	100	132	77
14.478	10.1346	48.26	1949266.88	2594444.25	599	14	89	106	67	110	173	99	67	118	105
19.5118	6.3712	39.82	1949212.88	2594625	610	10	60	110	102	92	150	98	69	111	95
16.3724	0.8052	26.84	1949156.75	2594818.25	565	16	67	103	86	89	153	105	65	114	105
13.4688	0.8418	42.09	1949095.13	2595013	569	15	85	113	77	108	173	103	92	129	86
23.1264	0.3168	31.68	1949067	2595235	577	23	85	108	73	110	175	99	82	118	92
16.9834	0	34.66	1948993.75	2595402.25	606	32	79	99	66	100	163	102	42	116	134
1.6227	10.818	54.09	1948970	2595617.5	539	21	47	118	120	67	128	117	32	105	135
11.676	4.6704	29.19	1948875.13	2595785.25	491	23	57	119	108	85	148	109	59	116	115
10.4364	7.2252	40.14	1948824.75	2595996.25	494	25	66	125	106	103	165	102	54	123	126
0	14.3168	44.74	1948736.25	2596224.5	508	30	45	111	122	63	125	121	38	111	130
9.8648	15.2456	44.84	1948786.38	2596443.25	383	26	78	134	96	86	151	113	68	119	111
0	1.7268	14.39	1949472.13	2594073.5	525	8	68	107	84	78	130	103	86	123	95
12.1568	0	20.96	1949414	2594267	547	13	84	102	63	105	153	86	94	135	93
19.2973	1.0923	36.41	1949361.75	2594472	582	15	86	104	61	107	156	88	95	130	93
7.4265	15.8432	49.51	1949311.13	2594648	600	5	52	120	117	81	146	114	54	113	117
12.4113	2.2566	37.61	1949251.5	2594848	554	19	55	111	105	88	154	110	65	119	110
21.6367	2.4829	35.47	1949197.38	2595039.25	545	14	75	116	91	105	171	103	86	123	94
23.1488	0	36.17	1949163.38	2595258.75	538	14	80	115	79	105	171	103	82	124	93
0	0	0	1949108.25	2595419.25	545	23	59	122	108	88	146	107	52	120	129
7.5943	6.7949	39.97	1949078.88	2595650.75	502	29	82	123	88	93	156	105	43	112	130
4.2888	18.9422	35.74	1948979	2595813.75	465	20	51	120	117	83	145	113	56	113	115
10.9228	17.5545	39.01	1948926.75	2596013.5	460	22	69	137	113	95	157	106	66	127	117
0.2617	2.617	26.17	1948834	2596251.25	464	33	55	119	118	70	115	103	29	104	136
22.434	0.7478	37.39	1948881.75	2596477.75	353	10	78	141	97	107	178	104	85	130	101
3.417	0.7035	10.05	1949509.38	2594297	522	13	77	109	80	94	147	94	84	135	101
4.9696	3.7272	15.53	1949458.75	2594497.5	556	14	84	99	59	97	154	94	96	128	84
10.6262	3.6783	40.87	1949409.13	2594679	589	6	85	109	77	107	143	83	45	116	132
12.5077	11.2138	43.13	1949351.13	2594874.75	535	24	51	110	109	87	151	107	62	119	110
10.1114	7.778	38.89	1949290	2595068.25	527	12	73	123	98	101	166	107	79	123	98
27.3102	1.5832	39.58	1949262.63	2595305.5	519	13	60	120	111	103	165	104	75	121	100
4.4055	13.2165	40.05	1949191.63	2595454.5	502	22	63	123	105	83	148	112	65	122	119
13.748	0.7856	39.28	1949131.13	2595673.5	471	24	81	129	89	105	171	104	74	123	106
7.6513	16.5107	40.27	1949071.38	2595849	445	21	56	125	116	85	148	111	48	108	120
17.249	5.138	36.7	1949022.25	2596049	415	21	74	133	100	94	159	111	70	129	120
0	0	5.87	1948931.75	2596280.75	403	30	65	110	92	82	106	90	46	117	129
21.0064	4.4224	27.64	1948988.13	2596464.25	343	7	83	144	98	106	175	103	83	126	98
0	0	0	1949609.75	2594320.25	507	12	89	110	75	91	138	94	81	130	95
2.315	0	4.63	1949554.63	2594526	536	12	75	98	76	91	140	92	94	129	77
7.3829	0.9751	13.93	1949505	2594708	569	9	80	110	75	100	149	94	90	128	85
11.331	8.3094	37.77	1949448.25	2594897.25	529	20	51	117	109	80	145	113	43	111	131
12.5615	1.4356	35.89	1949389.63	2595094	491	21	82	124	89	95	160	106	92	134	96
5.964	20.874	49.7	1949356.13	2595307.5	489	20	79	134	96	101	164	107	54	122	122
17.588	14.5101	43.97	1949284.38	2595473.5	470	21	63	130	110	89	151	108	64	118	115
17.0607	13.833	46.11	1949226.38	2595696	436	17	71	130	100	97	161	105	84	128	100
20.1254	13.2742	42.82	1949170.88	2595871.25	419	22	81	141	101	99	168	104	47	115	129
19.1835	13.6416	42.63	1949114.38	2596073.25	388	17	80	141	101	104	170	104	80	125	106
17.4981	0.2397	23.97	1949025.75	2596304.5	352	21	79	139	98	109	177	104	81	128	107
6.992	0	18.4	1949743.13	2594139	516	16	72	97	76	84	126	100	61	107	105
1.1515	5.0995	16.45	1949720.25	2594228.5	493	12	72	100	78	85	134	97	57	123	123
4.6956	4.816	12.04	1949712.88	2594337.25	496	13	89	114	72	87	134	95	86	134	98
0	0	0	1949646	2594548.25	522	11	91	90	52	98	141	87	79	122	97
22.7388	0	27.07	1949612.88	2594698.5	549	16	105	88	41	110	146	77	86	128	98
6.6443	30.666	51.11	1949545.88	2594925.75	521	14	53	117	116	83	147	111	45	104	123
21.8214	2.0205	40.41	1949450.88	2595333.5	456	19	87	134	87	107	172	103	76	121	101
14.6134	11.785	47.14	1949377.25	2595507.5	447	20	71	131	104	103	169	105	66	120	114
7.605	4.485	19.5	1949265.88	2595895.25	380	13	70	134	105	89	152	108	87	127	100
21.635	16.0099	43.27	1949205.63	2596104.5	347	19	82	145	103	85	152	112	76	119	104
15.3455	0.9795	32.65	1949114.5	2596333.75	330	11	85	145	97	110	180	102	87	132	100
0	0	0	1949696.13	2594761	524	16	110	75	26	115	124	64	115	138	63
17.04	3.55	35.5	1949644.63	2594950.75	521	8	69	123	102	101	167	102	46	113	128
12.348	5.9976	35.28	1949419.88	2595744	381	13	78	139	102	105	174	105	70	120	108
14.0418	17.9154	48.42	1949363.63	2595926.75	358	18	76	131	100	104	168	103	61	112	114
0	0	0	1949310.38	2596129.75	319	11	76	123	88	95	158	102	80	125	100
31.108	1.0605	35.35	1949214.5	2596362	317	5	84	140	92	107	174	103	87	126	99
24.9636	1.758	35.16	1949939.5	2594187.75	506	17	83	127	86	101	153	100	46	104	116
9.5059	14.0522	41.33	1949902.75	2594287.75	481	12	61	116	103	85	151	110	50	117	122
7.4405	8.7345	32.35	1949878.63	2594388.5	466	8	61	115	102	91	157	109	76	109	93
0	0	0	1949800	2594793.5	497	15	82	118	76	99	156	100	121	145	58
28.4088	4.8594	37.38	1949742.88	2594974.75	510	11	80	130	95	101	166	102	58	120	119
21.0877	4.4941	34.57	1949658.63	2595383	393	15	83	139	92	105	168	106	83	125	101
12.726	0	21.21	1949568.38	2595559.25	385	19	84	141	92	110	179	102	77	123	101
19.2192	2.288	22.88	1949454.88	2595944.75	339	15	68	126	100	99	162	107	69	119	107
12.803	0.3658	36.58	1949409.13	2596150	311	7	84	125	80	103	172	103	72	124	109
0	0	0	1949937.38	2594627.75	474	12	73	117	91	99	115	75	87	110	83
30.2328	1.1628	38.76	1949839.75	2595003	483	12	80	131	90	108	179	105	69	121	103
11.6896	6.2101	36.53	1949743.5	2595415.5	372	15	77	137	98	108	172	106	82	124	100
22.1186	0.3626	36.26	1949667.5	2595580.25	363	13	76	131	96	109	172	101	80	126	102
24.7575	2.3107	33.01	1949613.63	2595792	343	14	82	140	95	110	181	104	76	122	104
20.3392	7.945	31.78	1949559.88	2595983.75	316	8	78	127	90	100	161	104	76	123	104
2.4745	4.242	35.35	1949505.88	2596177.75	300	6	58	122	108	94	156	102	75	121	104
12.86	8.6805	32.15	1950158.25	2594164.75	492	12	66	112	94	91	154	110	59	118	116
21.3741	3.7719	41.91	1950127.75	2594248.25	479	10	70	116	92	91	156	111	59	112	112
5.2525	9.55	47.75	1950104.88	2594345.75	467	7	62	123	106	93	156	110	48	119	128
5.5848	2.327	46.54	1950071.38	2594441.5	457	6	66	112	97	94	158	110	59	121	117
20.4074	11.7234	43.42	1950029.5	2594656.25	453	15	62	126	109	89	152	108	60	121	117
12.1056	1.8624	31.04	1949981.38	2594844	444	12	80	134	92	99	165	107	94	140	97
0	0	0	1949931.63	2595030.5	455	18	81	133	91	103	164	103	75	127	108
24.1178	12.5832	52.43	1949874	2595229.75	420	20	62	130	113	95	155	108	40	114	133
23.5166	0.3793	37.93	1949764.5	2595612.75	346	11	77	140	101	102	168	106	76	124	105
31.8864	2.8616	40.88	1949717.5	2595820.75	318	8	84	108	72	104	170	107	76	122	108
12.7368	1.2528	20.88	1949654.25	2596004.5	307	8	73	129	96	106	168	102	73	121	108
7.5888	17.7072	42.16	1949596.63	2596212	292	5	56	117	108	82	136	106	58	122	119
2.5152	18.864	41.92	1950127.13	2594678.75	433	15	61	125	108	81	141	114	69	121	113
17.5053	8.9562	40.71	1950089.38	2594861.75	423	9	70	132	103	99	164	108	87	135	102
19.1464	2.0514	34.19	1950041.13	2595059.5	436	9	81	135	93	107	168	104	84	130	104
10.6262	20.0263	40.87	1949967	2595253	411	16	66	133	111	94	157	110	50	113	121
16.4616	9.5304	28.88	1949937	2595467.5	342	10	74	132	102	98	159	107	60	119	117
16.368	3.168	26.4	1949866.75	2595633.5	328	9	75	133	100	100	162	104	75	120	103
0	0	0	1949806.75	2595846	310	7	66	103	91	96	148	101	63	105	100
0	0	0	1949752	2596037.5	293	6	62	131	115	94	155	110	77	121	109
17.5654	5.9376	24.74	1949695.13	2596234.75	282	7	73	124	95	95	152	102	59	120	118
0	0	0	1948343.13	2594390.5	835	22	62	106	92	76	129	107	51	124	128
9.0904	5.3716	41.32	1950347.75	2594214	475	6	59	122	107	89	152	111	68	116	107
18.8118	4.9269	44.79	1950320.13	2594309	465	7	72	121	94	93	156	111	75	119	107
12.4096	3.5456	44.32	1950289.38	2594408.75	454	7	65	121	99	94	156	109	67	121	111
6.8306	10.045	40.18	1950260	2594512	442	8	61	115	103	90	150	109	62	117	121
0.6739	35.0428	67.39	1950235.13	2594602	425	11	50	121	120	78	137	117	54	122	127
0	44.837	68.98	1950212.25	2594674.25	414	9	55	128	119	74	134	119	65	122	116
21.5822	4.0238	36.58	1950185.75	2594879.75	411	8	78	135	95	102	165	107	74	132	109
23.4738	0.3726	37.26	1950126.5	2595082	416	15	82	137	93	101	164	106	82	125	101
17.6916	1.5384	38.46	1950062	2595282.75	394	18	76	138	104	102	165	107	47	117	129
17.4096	6.1256	32.24	1950027.63	2595487.75	329	9	61	125	105	97	158	106	71	124	111
4.392	10.7055	27.45	1949959.5	2595658.5	317	8	73	123	93	89	147	108	70	126	117
0	0	0	1949901.88	2595875.75	305	5	62	131	113	95	158	108	62	113	109
21.744	14.0128	48.32	1949848	2596067	284	6	75	132	97	103	171	108	72	129	120
7.6414	7.9353	29.39	1949797.63	2596260.5	271	9	80	104	72	98	159	105	69	122	115
9.8629	1.7005	34.01	1950274	2594914.25	397	12	79	129	93	99	161	109	87	139	106
13.122	3.4992	43.74	1950221	2595116.75	390	15	82	138	94	103	164	109	72	124	110
18.3911	3.4216	42.77	1950151.25	2595310.25	364	21	78	140	99	104	171	106	50	114	121
5.928	22.1312	39.52	1950097.5	2595503.75	319	7	65	127	105	82	142	112	59	125	120
8.8484	2.4132	20.11	1950055.88	2595692.75	308	5	68	120	95	86	144	108	72	118	112
10.1223	2.6243	37.49	1949999.13	2595903.5	298	5	69	123	100	101	162	108	68	122	116
11.1418	0.7684	38.42	1949946	2596088.25	279	5	70	126	96	101	166	107	78	129	113
11.7585	17.42	43.55	1950541	2594267	466	6	64	116	99	88	147	111	56	118	122
12.8362	24.1913	49.37	1950516.25	2594369.75	454	10	49	116	115	82	141	113	47	111	123
1.9448	29.172	48.62	1950499.5	2594429	439	14	44	117	124	78	134	117	42	111	132
18.2894	15.8829	48.13	1950426.25	2594548.75	424	14	57	114	106	95	154	109	64	122	115
11.9262	6.8666	36.14	1950404.13	2594640	419	17	65	113	94	97	157	109	62	122	118
14.3892	10.3922	39.97	1950399.13	2594747.75	398	11	57	120	109	94	151	108	59	115	119
4.0272	25.6734	50.34	1950380.25	2594847	381	8	56	125	115	83	141	115	76	123	112
21.8138	4.8893	37.61	1950315.13	2595130.5	363	13	77	134	97	108	166	107	73	119	111
16.1415	0.3165	31.65	1950267	2595323.5	332	13	66	121	99	98	164	110	69	116	109
13.4865	8.991	29.97	1950204.38	2595527	313	5	66	126	103	94	155	107	55	122	127
5.6108	20.2852	43.16	1950151.63	2595724.25	300	5	65	116	97	82	140	109	60	116	117
3.5525	28.9275	50.75	1950095	2595931.5	292	4	56	124	115	86	147	113	77	122	106
18.1261	6.6315	44.21	1950040.63	2596119	275	6	68	116	94	97	151	102	80	130	113
6.5091	29.5413	50.07	1949985.13	2596313.25	253	5	63	119	108	97	160	110	61	115	114
2.9008	26.1072	41.44	1950579.88	2594484.25	439	9	53	122	116	82	140	117	41	114	132
13.6793	10.8491	47.17	1950354.63	2595360.5	322	7	79	132	90	101	162	106	71	122	119
6.7735	14.725	29.45	1950297.88	2595555.25	305	4	61	118	104	88	147	110	60	118	118
9.0936	18.1872	33.68	1950247.25	2595750	296	3	64	122	105	87	144	109	57	117	117
1.8752	6.0944	46.88	1950190.38	2595957	287	3	66	121	102	97	158	107	63	115	115
0	0	0	1950135.13	2596144.75	274	8	87	82	53	99	135	83	67	113	99
2.4672	2.056	41.12	1950078	2596338.75	247	7	56	123	116	100	164	107	59	110	118
8.125	12.675	32.5	1950674.13	2594409	457	10	57	123	113	84	142	114	48	116	130
15.4368	19.296	48.24	1950674.5	2594514	448	7	61	125	108	88	147	115	52	119	123
12.2724	5.5518	29.22	1950647.88	2594612.75	436	12	60	121	106	95	154	111	57	112	118
5.7246	11.7218	27.26	1950625.38	2594709.25	411	15	49	123	122	91	152	113	44	113	131
11.2032	9.336	31.12	1950592.88	2594810.5	375	14	55	122	115	85	147	115	52	120	126
3.8232	42.0552	63.72	1950563.5	2594895.5	362	8	52	119	116	80	139	114	68	123	112
7.683	39.006	59.1	1950542.25	2594998.5	356	9	60	127	112	82	140	113	60	119	118
22.0533	13.7313	41.61	1950511.13	2595093	340	11	72	124	96	97	155	109	68	116	113
9.4392	7.3416	34.96	1950499.25	2595157	329	9	72	125	98	99	157	108	81	122	107
5.4441	0.4734	23.67	1950453.38	2595388.25	310	9	76	113	84	98	157	105	80	128	112
5.6286	1.8762	31.27	1950390.5	2595581	300	3	72	118	92	94	158	108	57	119	120
0	0	0	1950343.13	2595776.25	293	3	55	117	110	85	126	101	67	125	115
9.192	0.383	38.3	1950293.5	2595974.5	283	2	62	114	99	97	160	108	71	114	105
8.305	0.3775	37.75	1950234.25	2596177.25	271	7	67	114	94	97	150	105	78	112	89
0.543	14.661	54.3	1950208.75	2596374.5	253	6	55	119	114	85	147	115	59	115	120
2.4115	2.756	34.45	1950439.88	2595805	288	3	72	116	91	101	162	108	64	108	110
4.8496	4.5465	30.31	1950386.25	2596012.5	275	8	56	124	115	99	162	110	69	114	104
3.5328	15.0144	44.16	1950307	2596162.25	268	10	54	110	112	99	162	109	68	118	113
8.8032	3.3536	41.92	1950271	2596393.25	257	3	69	117	99	88	153	113	60	116	118
13.158	0.918	30.6	1950844.88	2594660.25	424	16	68	130	102	100	163	110	48	110	124
18.9685	7.3945	32.15	1950818.25	2594760	397	15	65	130	107	95	154	110	59	114	117
24.1984	3.5024	31.84	1950789.88	2594863	375	9	70	131	102	102	163	112	72	122	111
12.8578	1.4556	24.26	1950757.13	2594967	351	11	73	129	101	102	163	108	41	117	136
13.4514	3.7206	28.62	1950728.25	2595060.5	333	10	76	123	88	101	160	105	62	122	122
4.5199	19.3123	41.09	1950711.13	2595125	325	6	67	122	99	99	158	108	62	120	120
8.9352	10.9208	49.64	1950677.13	2595248.75	314	6	67	124	102	91	152	112	74	123	109
10.4958	13.4946	49.98	1950618.25	2595341.25	306	3	61	123	110	90	150	110	70	120	115
0	29.337	53.34	1950620	2595443.25	301	2	54	122	116	81	143	114	66	116	116
4.2704	14.4126	53.38	1950593.38	2595539	298	2	59	124	114	87	148	113	67	110	106
7.0384	0.4399	43.99	1950568	2595634.75	295	2	65	117	101	96	159	109	78	113	103
6.2704	3.5271	39.19	1950541.25	2595734	291	2	71	114	91	96	157	109	69	111	110
7.734	0.3867	38.67	1950509.88	2595838.25	285	2	68	111	91	96	157	109	70	115	110
0.6139	23.3282	61.39	1950481.25	2596030.75	276	8	60	126	115	86	144	114	51	113	125
3.7224	4.5496	41.36	1950426.38	2596227	267	5	74	109	88	88	148	114	57	114	121
8.3923	1.3251	44.17	1950431.25	2596765.25	248	3	61	124	109	90	155	112	68	113	113
3.2473	3.2473	46.39	1950408.75	2596858.5	253	8	64	123	106	86	151	114	70	119	117
1.6947	7.3437	56.49	1950374.88	2596957.5	246	2	49	119	117	78	141	115	56	113	127
0.508	1.016	25.4	1950351.63	2597058.75	236	5	50	122	119	75	139	119	56	119	129
0.5554	0	55.54	1950323.75	2597153	230	1	52	91	94	75	125	108	54	102	115
0	0	46.44	1950293	2597246.5	229	1	55	115	110	79	146	116	75	118	111
3.9424	0.2464	24.64	1950975	2594920.5	365	12	74	139	102	93	162	114	72	123	111
8.9556	2.634	26.34	1950946.63	2595019	337	14	71	122	93	95	163	114	59	119	121
0	0	0	1950916.75	2595115.25	324	5	63	121	104	98	159	110	65	113	113
4.6827	25.4947	52.03	1950900.25	2595204.5	316	5	56	124	115	91	151	112	54	117	122
3.1913	25.5304	45.59	1950861.5	2595309.25	306	4	51	125	118	79	138	116	52	118	126
11.1956	13.3486	43.06	1950836.38	2595417.5	302	1	52	121	116	84	144	114	60	116	116
13.1525	13.6786	52.61	1950776.13	2595496.5	299	1	57	124	117	86	149	113	73	117	107
3.1584	35.2688	52.64	1950766.88	2595601	297	1	55	126	116	85	146	114	76	116	101
10.0575	4.8276	40.23	1950717.25	2595691.5	295	1	64	114	101	101	162	108	77	116	107
9.0069	8.1491	42.89	1950691.88	2595785	293	2	61	121	110	92	156	111	63	112	111
8.6496	32.436	54.06	1950693.25	2595897.25	284	3	55	124	117	90	150	111	55	119	119
2.6922	6.1536	38.46	1950661	2595988.75	280	1	58	110	106	93	151	110	50	107	121
9.6456	2.8133	40.19	1950610.75	2596149.75	276	4	74	115	89	100	143	102	74	117	106
18.1986	0.3714	37.14	1950575.75	2596280	274	3	65	120	98	97	156	107	76	112	106
12.95	0.35	35	1950516.88	2596371	270	1	76	115	86	100	162	108	78	115	106
6.9552	0	33.12	1950524.63	2596475.25	268	3	70	113	93	97	161	109	73	112	108
8.2926	1.8428	46.07	1950497.75	2596565.25	261	3	70	113	93	96	157	109	74	109	109
3.7692	0.4188	41.88	1950468.13	2596664.75	255	4	67	114	93	99	163	108	75	115	110
17.9164	0	38.12	1948441.38	2594417	794	21	75	99	77	83	137	98	49	118	125
17.4021	2.4282	40.47	1950649.25	2596831.5	255	3	75	121	92	94	161	110	77	113	101
13.5681	0.6958	34.79	1950619.63	2596909.5	247	6	66	118	103	98	164	107	63	111	115
3.842	0	38.42	1950593.25	2597032.5	239	3	55	121	116	87	150	113	66	115	116
2.2105	0	44.21	1950574.75	2597083	237	3	60	123	113	87	151	114	64	118	120
0.4169	5.8366	41.69	1950535.88	2597211.25	229	2	52	120	116	72	133	119	55	119	124
0	5.4168	45.14	1950505.75	2597311.75	225	2	57	127	113	79	142	120	63	125	123
0	36.8148	83.67	1950475.13	2597407.75	223	2	50	121	120	72	132	121	48	119	129
10.1251	30.3753	53.29	1950458.88	2597465.75	220	2	56	129	118	77	135	117	61	120	117
0	7.7316	45.48	1950429.88	2597565.5	215	3	76	108	79	77	135	114	55	120	129
4.123	0.589	29.45	1951291.13	2594594.5	415	13	67	131	105	99	164	110	60	120	119
2.3895	0	26.55	1951209.38	2594883.25	352	12	76	139	103	97	163	115	71	136	121
1.3835	0	27.67	1951174.13	2594984.75	332	12	71	129	99	95	163	115	63	131	125
14.8737	3.8049	34.59	1951158.13	2595074.25	321	6	61	126	111	96	156	109	70	124	107
5.1272	11.4376	39.44	1951112.63	2595185.75	316	1	53	117	113	83	143	115	66	120	114
5.592	32.853	69.9	1951088.38	2595265.5	310	5	56	122	114	85	145	116	57	117	121
0	4.57	45.7	1951063.25	2595361.25	304	1	51	119	116	80	138	115	54	115	123
0	15.6128	45.92	1951032.25	2595464.5	301	1	51	120	118	81	140	114	54	121	125
0.6234	36.1572	62.34	1951013	2595559.25	298	2	53	124	119	80	139	116	52	117	125
7.539	20.6066	50.26	1950978.5	2595655.25	295	2	58	124	113	93	154	113	58	120	120
5.4204	21.6816	45.17	1950951.25	2595755	292	4	56	127	119	86	144	114	59	114	121
7.7928	8.7096	45.84	1950932.13	2595823.75	287	6	53	118	117	91	153	112	66	112	113
3.045	19.14	43.5	1950874.75	2595910.25	281	2	48	114	117	85	145	114	59	119	119
8.3496	10.7352	39.76	1950843.38	2596039	285	3	70	111	88	96	157	108	69	113	107
2.1328	0	26.66	1950845.13	2596142.75	284	1	70	115	90	94	160	115	82	126	107
9.3324	1.7776	44.44	1950814.75	2596241	282	1	70	117	92	101	166	111	65	112	116
0	0	0	1950790.25	2596337.75	278	6	66	103	83	105	125	76	82	115	79
7.6993	0.9058	45.29	1950757.75	2596445	269	3	70	122	98	99	158	111	67	110	116
6.48	5.184	43.2	1950730.63	2596529.5	264	3	66	121	99	98	160	108	67	111	113
8.0454	2.0988	34.98	1950677	2596621.5	261	3	68	118	96	98	161	109	78	118	110
23.0996	0.5848	29.24	1950676.5	2596729.75	259	1	75	123	88	98	160	107	73	115	107
5.5354	8.0902	42.58	1950817.75	2596867.25	250	4	61	122	106	96	162	107	69	110	108
3.72	0	37.2	1950793.75	2596963.75	244	4	66	115	98	93	158	110	63	116	118
3.85	7.35	35	1950762.13	2597066.75	233	4	58	121	112	88	152	114	59	119	125
2.4661	4.2276	35.23	1950733.75	2597158.5	229	1	57	115	106	87	150	114	56	124	128
1.0904	10.904	54.52	1950676	2597352.75	221	3	55	125	117	77	135	117	57	123	125
0.5095	9.6805	50.95	1950656	2597442	216	5	49	118	121	78	138	116	54	116	125
0.5871	2.9355	19.57	1950618.13	2597539.25	210	3	52	119	114	74	132	115	66	120	112
0.9774	0	48.87	1950609.38	2597605.5	208	2	57	123	116	76	138	117	46	111	130
3.5874	24.7132	39.86	1951472	2594649	398	12	57	126	114	86	146	115	54	116	123
1.911	4.095	27.3	1951389	2594934.75	336	10	55	118	109	92	156	113	68	123	114
8.9566	15.5562	47.14	1951354.25	2595038.25	322	8	60	123	111	94	154	110	65	115	114
5.0336	29.5724	62.92	1951328.13	2595129.75	317	0	53	122	118	82	139	115	73	119	112
1.8576	32.1984	61.92	1951304.13	2595215.75	317	0	50	117	118	76	135	119	61	126	124
3.5945	27.729	51.35	1951270.63	2595320.5	308	4	54	123	117	89	145	112	52	118	126
0	24.9772	60.92	1951247.13	2595418.25	303	3	58	124	117	81	140	118	59	115	117
9.8175	21.945	57.75	1951217.75	2595519.5	298	3	58	119	109	86	143	113	65	115	108
4.1461	24.2843	59.23	1951187.5	2595616.25	290	2	59	122	112	86	145	113	58	118	121
1.261	30.264	63.05	1951128.5	2595807	293	2	55	125	115	87	145	112	50	117	123
2.6076	16.5148	43.46	1951099.25	2595893.5	294	1	65	117	101	88	148	112	71	118	113
14.4441	6.1278	43.77	1951043.63	2595974	294	0	66	115	104	92	152	112	67	114	111
4.807	13.4596	48.07	1951051.75	2596065.75	289	4	72	82	59	91	149	109	57	117	117
0	0	0	1951019.5	2596197.5	288	9	60	121	107	98	129	94	70	121	108
0	0	0	1950985.75	2596281.75	282	7	59	127	113	93	140	103	63	115	118
9.2379	27.2738	43.99	1950963.5	2596388.75	282	4	66	123	102	89	145	113	69	117	110
12.048	7.6304	40.16	1950932.63	2596476.75	278	4	64	123	105	98	155	109	62	113	107
13.8911	10.3063	44.81	1950911.88	2596551.75	272	2	68	128	107	99	158	109	77	114	104
18.8241	1.8455	36.91	1950872.5	2596670	263	6	74	127	98	99	162	108	77	115	103
17.4204	0.3226	32.26	1950857.88	2596744	257	4	71	125	100	95	159	110	71	112	105
0.6842	1.0263	34.21	1951010	2597008.5	239	2	63	119	105	87	148	114	62	125	124
1.1058	11.7952	36.86	1950973.88	2597132.75	235	2	62	120	108	90	150	112	67	111	112
0	7.8421	46.13	1950943.13	2597236	229	4	59	120	109	80	141	115	69	116	116
0.8314	0.8314	41.57	1950921.75	2597328.25	222	3	60	115	101	82	142	112	63	116	117
9.8687	1.7015	34.03	1951670.5	2594701.75	404	12	69	133	106	101	165	111	56	118	126
12.2346	2.0391	29.13	1951637.38	2594800.75	382	14	72	140	105	101	164	110	64	115	118
17.8504	3.7048	33.68	1951612.5	2594900.5	350	12	71	133	103	100	167	109	70	119	113
5.9915	4.4285	26.05	1951584.25	2594995.75	329	9	68	125	99	99	164	110	62	112	115
2.7468	19.2276	39.24	1951558.63	2595093	317	3	64	128	108	92	150	113	73	112	106
12.285	12.7764	49.14	1951496.13	2595284.25	314	5	61	115	103	92	147	112	54	117	124
1.232	40.656	61.6	1951478.5	2595381.5	305	3	71	107	89	87	144	114	52	121	126
1.512	18.4464	30.24	1951413	2595451.75	302	2	73	113	96	85	142	116	52	115	123
1.4875	18.445	29.75	1951426.88	2595545.75	299	2	68	109	90	109	156	96	60	116	112
0.5423	13.0152	54.23	1951363.75	2595771	297	1	52	124	118	90	145	113	50	122	129
0	33.1595	60.29	1951336.63	2595843	298	2	53	124	121	83	140	116	47	113	126
1.6551	28.6884	55.17	1951297.13	2595961.5	299	3	57	127	112	81	141	116	62	124	122
4.9335	12.1095	44.85	1951278.38	2596065.5	304	5	68	128	104	97	157	111	71	120	112
17.5644	10.8732	41.82	1951254.75	2596152.5	304	4	61	126	108	96	157	110	75	121	110
22.794	9.039	39.3	1951223.25	2596255.75	304	4	71	132	105	101	161	108	67	121	116
18.2784	3.9168	43.52	1951198.63	2596348	295	5	74	135	102	101	159	110	73	121	113
7.2	19.35	45	1951167.75	2596448.75	286	6	68	130	105	95	151	111	72	120	114
8.5302	15.1648	47.39	1951144.13	2596539	276	7	72	135	101	100	157	111	66	117	111
9.8553	0.9386	46.93	1951113.75	2596644	262	6	74	123	95	96	158	108	71	118	113
9.4272	7.856	39.28	1951084	2596747.75	255	3	67	124	103	100	163	108	63	111	112
0.4675	17.765	46.75	1951056.75	2596847.5	247	3	56	116	111	89	150	111	63	111	116
1.2426	0	20.71	1951774.25	2595050	327	4	70	116	89	94	158	111	65	119	109
0	0	0	1951718	2595242.75	317	0	82	113	74	110	158	97	69	123	112
5.556	0.0926	9.26	1951650	2595360.75	317	3	58	119	111	100	157	108	81	121	91
7.1392	15.1708	44.62	1951659.13	2595436.75	307	5	60	122	110	94	150	110	67	118	102
13.6422	12.402	41.34	1951629.63	2595514.25	303	1	64	121	104	95	154	111	87	127	96
0.6749	35.7697	67.49	1951600.75	2595629.75	302	1	57	123	115	82	140	116	54	118	126
0.4869	2.9214	48.69	1951572.5	2595728.25	302	1	47	117	121	84	138	114	55	112	116
0	15.4464	48.27	1951547	2595820	304	4	61	116	104	83	135	110	58	118	120
17.6652	7.3605	49.07	1951517.88	2595921.25	315	8	74	124	93	98	156	109	79	120	102
10.8732	4.6002	41.82	1951488.38	2596016.75	322	10	74	130	98	102	160	107	76	123	107
17.0226	1.6212	40.53	1951461.13	2596117.5	329	5	72	132	101	97	154	110	75	117	100
14.5872	0.3039	30.39	1951433.5	2596217.5	309	11	75	132	95	104	161	109	77	124	108
16.62	3.601	27.7	1951407.88	2596307.25	295	8	68	129	105	102	160	109	74	118	107
11.2974	0.991	19.82	1951376.38	2596405.75	283	8	76	130	96	105	165	109	72	118	110
14.2232	7.1116	30.92	1951351.75	2596504.25	272	7	74	113	88	100	153	109	82	119	103
11.9644	3.8457	42.73	1951292.25	2596592.25	262	7	67	112	98	103	157	107	69	113	112
3.1818	18.0302	53.03	1951306.38	2596674.5	254	3	59	123	113	92	147	113	56	110	121
4.9854	0	35.61	1951250.25	2596867.25	246	2	68	112	90	96	156	110	65	104	106
0.5581	1.6743	55.81	1951283.13	2597088.25	229	4	52	123	120	80	138	117	49	119	127
7.429	10.557	39.1	1951450.63	2596537.25	264	8	68	121	101	96	144	111	69	113	108
1.5552	6.2208	38.88	1951403.88	2596702.75	250	3	59	121	110	90	144	111	67	112	112
3.79	8.717	37.9	1951345.75	2596897.5	242	2	56	114	110	89	145	112	70	108	105
11.523	0.3841	38.41	1952078	2594716.75	378	12	73	123	94	99	170	110	80	127	114
19.2941	0.4487	44.87	1951972.75	2595108.25	328	4	54	117	114	94	155	111	51	112	127
10.538	0	47.9	1951917.75	2595300.75	318	2	70	120	94	101	156	108	68	119	110
8.136	0	40.68	1951893.38	2595403.5	317	0	72	118	92	99	155	109	70	111	106
5.4204	2.7102	45.17	1951861	2595492.75	316	2	70	115	93	100	154	109	71	109	104
6.3297	0.4869	48.69	1951812.63	2595598.25	313	4	64	118	105	96	147	109	70	111	106
0.5145	0.5145	51.45	1951806.5	2595695	314	4	73	120	93	92	151	115	59	111	118
0.5284	15.852	52.84	1951782	2595790.25	314	3	55	120	115	95	151	113	60	116	116
12.4875	1.85	46.25	1951758.38	2595882.5	319	5	62	126	113	92	146	110	88	125	103
17.0342	0.6428	32.14	1951726	2595983	329	2	73	129	97	100	156	108	76	119	106
26.3848	7.6024	44.72	1951697	2596075.25	331	3	71	129	103	102	157	109	64	115	110
12.3368	9.6932	44.06	1951674.88	2596175.5	318	10	67	124	101	95	152	111	68	113	111
14.28	5.355	35.7	1951646.75	2596271.25	305	8	73	131	101	101	158	110	69	114	108
10.3005	1.6023	22.89	1951614.75	2596369.25	288	8	55	126	113	97	153	109	65	117	114
5.467	11.3245	39.05	1951567.25	2596424.25	283	8	64	129	107	100	155	110	65	113	113
8.1809	4.4863	26.39	1951551	2596533.5	264	9	68	122	100	98	152	111	68	114	108
0	21.26	53.15	1951498.5	2596729.25	249	2	55	122	116	89	140	115	53	110	122
3.052	10.0716	30.52	1951650.5	2596567	262	7	67	123	103	97	150	112	66	113	108
0.9722	20.4162	48.61	1951592.25	2596757	248	3	54	122	120	90	145	115	55	117	124
25.0161	0	41.01	1948634.5	2594048.75	657	16	94	96	57	110	180	103	128	155	68
10.1596	0	46.18	1948587.25	2594264	739	24	60	107	97	101	164	97	77	125	100
0	0	38.62	1948539.5	2594427.75	768	14	45	110	117	70	130	112	52	107	106
14.0526	1.1394	37.98	1952274.13	2594779.5	373	8	63	110	101	91	150	110	63	116	117
13.1022	9.036	45.18	1952211.5	2594864.5	362	12	62	112	103	87	150	112	56	115	122
6.2153	23.4269	47.81	1952183.75	2594958.25	352	19	65	94	94	88	140	111	61	119	118
17.564	21.955	43.91	1952154.88	2595060.25	349	19	70	116	102	90	148	111	61	120	117
11.7096	35.1288	55.76	1952132.13	2595157.75	348	14	61	112	106	89	140	110	59	114	116
18.5184	12.3456	51.44	1952131.88	2595264.75	347	10	66	126	107	96	152	109	62	112	116
9.4446	19.9386	52.47	1952102.5	2595362.75	340	9	69	128	105	97	157	110	53	116	121
0	9.6216	50.64	1951928.5	2595941.5	322	2	49	119	118	76	129	119	57	118	124
12.639	12.639	42.13	1951902.63	2596039.5	324	2	62	125	110	96	150	111	73	117	106
22.6062	1.983	39.66	1951878	2596137.75	320	4	75	127	92	101	159	109	73	119	106
10.8655	3.505	35.05	1951848.13	2596234.25	308	8	75	126	96	104	162	108	75	119	108
15.9084	0.2946	29.46	1951816.13	2596334.5	295	7	67	117	104	100	159	110	66	110	111
8.2728	1.8384	22.98	1951791	2596432.25	279	7	71	124	99	104	160	109	67	115	116
7.4144	19.9262	46.34	1951744.25	2596594.75	263	4	66	124	106	97	152	112	63	116	112
12.985	0	26.5	1952337.5	2594876.25	385	7	59	116	103	93	155	111	72	122	111
6.7716	6.156	20.52	1952290.25	2595068	379	8	66	120	97	96	159	109	61	119	118
16.7202	1.5924	39.81	1952234.5	2595264.25	361	9	67	130	104	98	160	111	69	119	114
5.7045	5.3242	38.03	1951898.75	2596426.5	282	8	62	123	110	97	152	113	70	116	110
10.9551	1.4469	20.67	1952439.25	2594899.5	404	14	79	121	81	99	159	106	64	119	118
24.3202	14.8036	52.87	1952387.5	2595095	393	8	63	115	93	102	163	107	64	116	115
13.0075	4.5375	30.25	1952328.63	2595292.25	373	6	79	132	98	110	166	98	50	117	125
16.5129	2.0279	28.97	1952261.5	2595519.25	336	8	72	121	94	99	155	107	63	116	116
13.8092	1.2008	30.02	1952232.88	2595616.5	328	3	71	125	95	101	165	111	78	123	100
15.4242	19.1634	46.74	1952200.63	2595722.75	326	3	66	114	101	98	155	113	68	114	106
13.7605	12.8115	47.45	1952164.75	2595868	319	1	62	125	110	98	149	111	60	115	117
20.6085	6.7446	37.47	1952068	2596198.25	307	8	68	116	100	97	140	106	68	114	108
13.4784	4.212	42.12	1952009.13	2596286	300	7	65	125	110	98	144	106	69	116	109
3.16	15.405	39.5	1951993.25	2596453.5	279	6	54	123	119	88	142	113	52	113	121
19.19	13.13	50.5	1952536.13	2594931.5	428	10	55	120	111	83	144	113	64	112	116
14.596	7.6629	36.49	1952480.25	2595126.25	407	9	61	130	115	94	153	109	57	113	118
14.7482	17.1398	39.86	1952425.63	2595315.25	378	9	71	131	105	94	154	110	70	123	112
4.1517	1.8452	46.13	1952361.63	2595506	341	6	74	127	99	98	158	111	72	113	108
10.64	10.64	42.56	1952305	2595733.75	332	3	62	124	108	101	157	108	72	112	109
2.8146	14.073	46.91	1952257.63	2595897	318	1	57	125	114	93	145	114	67	118	110
9.093	11.258	43.3	1952173.88	2596086.75	308	8	57	119	111	96	150	111	60	109	114
10.098	4.896	30.6	1952634.63	2594957	441	6	59	123	113	95	155	111	53	110	118
8.253	2.4759	27.51	1952577.75	2595154.5	416	8	76	127	94	102	161	105	56	119	124
12.7953	1.4217	47.39	1952523.63	2595342.75	387	11	69	123	100	97	156	107	58	111	114
18.504	2.4672	30.84	1952465.63	2595536.5	351	6	70	127	101	103	163	109	63	115	112
8.4726	8.1588	31.38	1952413.88	2595738.25	334	6	66	125	109	96	153	111	65	114	111
1.3074	1.0895	21.79	1952728.5	2594981.5	449	7	52	121	114	85	146	114	58	116	123
4.344	1.448	28.96	1952672.5	2595179	418	9	61	121	104	95	159	112	65	120	122
17.0736	1.4228	35.57	1952620	2595368	390	11	65	129	107	97	160	111	53	108	121
14.144	22.1	44.2	1952562.38	2595559.25	360	7	57	121	110	93	149	113	60	118	113
15.624	4.557	32.55	1952823	2595015.75	450	10	71	126	96	95	160	112	55	114	118
5.9184	2.3016	32.88	1952773.38	2595205.25	422	8	68	123	97	95	159	114	59	119	123
1.9314	3.219	32.19	1952711.38	2595391	390	12	60	114	103	93	157	112	57	112	120
25.704	5.712	35.7	1952919.38	2595035.5	460	11	68	118	96	93	152	108	57	114	115
16.8597	8.2137	43.23	1952867.5	2595244.5	410	7	52	115	113	88	146	113	68	112	110
13.1569	1.6045	32.09	1953018	2595067.75	440	13	49	108	110	86	145	112	65	116	117
16.5704	0	29.59	1948800.38	2593882.25	606	10	90	101	61	106	176	103	102	132	75
17.1304	0	34.96	1948742.5	2594081.25	646	14	95	95	54	105	176	104	102	134	82
8.1226	0	47.78	1948686.5	2594289	724	20	84	96	64	87	155	110	71	127	112
0	0	47.76	1948631.25	2594463.75	746	15	46	112	117	64	129	119	35	106	131
1.838	4.595	45.95	1948582.13	2594659.5	704	19	52	113	108	69	132	114	59	112	110
9.672	0	32.24	1948893.88	2593906.75	595	8	93	102	61	106	176	104	96	133	87
16.1121	0	37.47	1948836.38	2594106.5	642	18	92	98	58	108	177	102	95	131	81
9.2304	0.3846	38.46	1948781.25	2594315.5	716	18	57	111	106	85	149	107	88	117	75
0	2.063	41.26	1948728.13	2594487.25	720	16	45	111	118	71	134	113	43	111	130
0.9154	7.3232	45.77	1948672.5	2594685.25	671	16	52	107	106	66	126	115	55	120	120
15.196	9.4975	37.99	1949045.88	2593743	568	12	58	114	102	97	161	104	67	127	117
13.1724	0	36.59	1948992.25	2593931.75	583	9	86	114	71	103	172	103	99	133	87
20.5581	0.4031	40.31	1948935.88	2594127.5	629	19	83	105	75	107	174	103	76	126	99
5.4192	0	45.16	1948879.13	2594338.25	701	14	67	105	84	90	154	107	60	119	114
3.1136	1.1676	38.92	1948824.63	2594515.75	696	14	63	105	93	74	137	111	36	108	134
5.2224	6.0928	43.52	1948771.5	2594708.75	654	19	57	107	103	80	143	110	42	110	127
4.7112	0	39.26	1948714.5	2594905	683	25	46	116	120	67	129	118	58	127	122
0	0	46.84	1948660.75	2595097.75	746	13	46	120	122	66	126	117	62	128	119
0	0	46.72	1948632.75	2595304.5	752	22	40	113	124	60	123	120	36	110	133
0	0	0	1948401.13	2596503	537	36	77	117	83	82	144	109	59	122	118
16.65	2.331	33.3	1949146.25	2593768	547	2	54	112	106	84	134	100	74	122	105
17.5371	0.7158	35.79	1949083.88	2593963	573	10	86	114	72	104	173	105	99	134	86
22.7347	0	37.27	1949031.63	2594160.5	616	20	103	98	44	111	172	96	99	139	95
19.5468	0	50.12	1948976.25	2594364	682	20	82	104	70	99	167	106	55	117	117
17.178	0	40.9	1948925.88	2594544.75	678	15	68	97	78	85	148	105	45	109	123
12.8115	0.8541	28.47	1948867.5	2594738.75	634	23	72	96	76	88	153	108	50	113	119
2.2408	0	56.02	1948807	2594936	657	20	59	114	108	74	136	115	56	121	122
0	1.4228	35.57	1948593	2595717.25	617	34	41	112	121	62	121	117	48	117	127
0	0.783	15.66	1948442.63	2596149.5	652	20	38	113	126	61	117	114	29	103	138
0	0	0	1948496.88	2596368	487	29	79	128	89	95	164	108	68	130	113
1.2354	14.0012	41.18	1949237.25	2593796	543	3	71	106	82	75	122	102	66	122	112
7.5	1.5	25	1949183	2593990.25	559	9	76	106	77	98	164	104	96	133	92
23.5705	0	39.95	1949126.63	2594187.25	597	16	99	94	48	113	181	95	113	143	75
15.836	0	39.59	1949073	2594390	654	21	95	98	55	114	172	89	85	116	83
0	5.4684	45.57	1949020.13	2594567	653	19	51	115	113	69	125	113	54	107	110
25.2	0	36	1948904.5	2594962.75	631	18	88	106	72	108	172	99	75	127	104
14.5591	0	35.51	1948870.88	2595181.5	680	30	73	104	77	81	140	110	73	118	100
0	0	42.36	1948684.75	2595742.25	565	29	69	110	86	78	142	107	42	112	128
0	3.0415	43.45	1948509.88	2596167.25	628	34	40	114	126	55	119	123	22	99	138
3.8808	0.3528	35.28	1948595.88	2596395.75	441	23	71	132	104	89	157	109	74	134	119
18.5181	0	36.31	1948551.38	2596581.5	435	25	87	134	86	106	174	104	94	145	100
0.4732	7.5712	47.32	1949331.38	2593825	537	3	52	97	98	72	122	104	81	124	97
9.4425	0.7554	37.77	1949276.13	2594017.5	546	7	73	112	87	103	173	105	88	124	100
16.072	0.287	28.7	1949221.25	2594215.75	583	13	98	92	44	105	165	96	100	127	68
19.2708	5.0904	36.36	1949169.25	2594419	626	15	71	107	87	104	167	97	92	121	77
32.6902	1.6552	41.38	1949115.13	2594598.75	627	14	81	100	70	106	169	99	61	113	108
9.1425	8.7768	36.57	1949057.5	2594792.5	578	18	65	103	86	83	148	112	82	120	83
19.6728	2.342	46.84	1949006.38	2594988.75	596	19	88	108	72	110	175	101	89	124	84
7.0796	0.9654	32.18	1948974.38	2595205.5	623	29	86	101	66	106	171	102	80	120	99
0	0	29.11	1948896.75	2595372.25	670	32	44	111	119	75	131	110	20	98	141
6.4486	2.7152	33.94	1948872.63	2595600.25	565	22	48	112	112	87	149	108	34	107	134
4.9395	0	32.93	1948739.63	2595782.25	524	26	67	109	90	92	158	105	68	123	119
0	10.3937	45.19	1948640.13	2596199.5	562	35	47	111	114	62	121	116	32	107	136