Y	w	x.coords	y.coords
1.64710696914954	2.53325655451186	3.3895779682789	5.77727913623676
-6.4377060334531	-4.5154511371826	4.34911509673111	7.16374813602306
4.31723406694869	2.69753332288536	6.15568027016707	4.44955054321326
3.20151272052619	2.68224281586181	9.17387010995299	9.59489198517986
0.244656731292494	0.300506663126516	2.8151373793371	2.06520922551863
7.20550671937091	6.5090891092524	9.08550716470927	1.35190049814992
7.12747218225815	7.07395650342894	9.50207741744816	5.54054529615678
0.909991674852202	2.22027517204527	6.94718013238162	6.20634299702942
-0.730882414401248	1.39218364369676	6.66202639508992	8.55373517144471
4.69214821783292	4.90022680684058	1.55607643420808	6.8900047778152
1.06241895325823	1.37520553277858	2.85377117409371	9.50075505906716
-1.77508875382892	-0.716853044147686	2.58901077276096	5.60491866664961
4.50085576348302	4.08363216791656	7.18320561992005	1.76428953278810
1.64554523837514	1.96099677259099	4.45693346392363	9.9529345848132
2.88929264260639	2.0637435085244	7.928572779987	4.61299707880244
-4.00110475530221	-5.29237679288038	5.47929317876697	9.06081667006947
2.84209978966730	3.46720476758369	7.4585665743798	8.89172570849769
-7.14554906414406	-6.27040230959482	9.92715485347435	3.66836318164133
3.65149820838496	3.50814126557690	4.4203166149091	2.1933271875605
4.35569359621799	2.93050396296023	7.99700699187815	3.39319816883653
5.45156963853072	7.18631906456112	9.41234707995318	1.05154788517393
-2.05412526909721	-1.21672062207478	2.90928269154392	8.37641639332287
3.3550083325689	4.07076094795883	6.8650638947729	2.57195511064492
0.965250000688747	0.590429042646085	2.12999586365186	8.58772496855818
2.54731427412850	0.163986312158788	3.40498601854779	2.50040950067341
-3.34277773398469	-2.87886477242287	4.47502683289349	7.87617491534911
1.60049480905006	2.02699521116868	1.12051299843006	5.67044278653339
1.71907833980446	3.42217355420267	4.44149161363021	3.45416773017496
-0.112809486983075	0.928687869046776	8.82721761148423	4.0888282218948
-1.36549391672896	-2.13422887874120	4.06314097018912	7.34567806101404
-1.61796010774878	-0.872639730312419	5.33872103923932	6.32381771062501
2.13448039629747	2.62095189180528	6.3960924288258	5.22441133856773
0.214302222554102	0.56734166739277	5.44187176343985	4.02738944999874
1.53705938440037	1.59935990879921	2.6759584126994	9.71053685806692
6.80335682421322	5.18374171465364	8.44635986746289	6.81257695355453
7.10752939233944	5.86131798608305	7.01620064373128	2.76671052305028
2.41252277107526	0.403932815335994	8.14815874653868	4.2146234663669
-1.43647772414397	0.417941788680102	1.97149263299070	5.61716273915954
3.46827908550652	3.930993467996	7.51339851436205	8.94697066466324
2.41153329335338	1.36842946002610	4.70146986679174	2.37400808744133
3.33602526139854	3.63986278277034	8.3885166470427	3.07415437698364
3.15387684957791	2.83579614953992	6.82354174437933	2.4668972059153
4.93230385204622	5.58105286049703	8.04639486060478	6.52912173140794
0.412896070092278	2.28180041362208	5.97732680477202	5.51472799503244
3.49577872972508	4.70277530837054	5.76747622177936	2.69306999258697
4.45453078045959	2.55727272280304	8.10420608520508	4.66943367337808
8.18597356013402	8.44755911960077	1.20998082100414	6.24149242206477
2.11611929334488	0.328137577207637	5.29507058532909	3.78036158508621
3.14022268700437	2.27292217142677	7.5908236480318	5.32869076146744
1.46636762425373	0.763786686349537	7.23458400834352	9.45455313078128
3.44378474072423	1.82025250117521	5.29857659921981	1.41436493420042
2.59934245491399	4.18950116416173	8.7508852914907	5.81375556741841
1.45915692492516	2.06914813944773	4.9428739650175	4.98394704028033
0.197226247293400	0.510507381028737	3.2031754932832	9.15728922607377
-0.186561177847154	0.73556859023933	1.63611142430454	8.92938143573701
2.78870394890536	3.0451845568617	1.89519544155337	2.46917004697025
-4.86801054640363	-2.78515590916959	3.84644536464475	7.7697168912273
-1.44420675174397	-0.0270527724067714	5.66770836873911	4.62688481947407
3.14451560356903	2.53373459386428	6.9580456877593	6.01257424149662
3.05717346514289	2.8156526672286	4.66147168469615	1.72152353730053
6.83112966623241	5.5271648437067	9.21588331833482	2.04911733139306
-2.89288265153587	-2.55835407368629	3.64243035484105	9.32673305110075
-6.18579377366699	-5.80125387817851	5.13159153633751	8.90959816612303
2.08048606285216	2.50165427483345	3.99155206768773	2.4688686421141
2.7554845123771	3.71383974529158	6.85783420363441	5.78407511208206
2.55819580215373	2.30907949371081	3.32215102645569	9.36812951485626
-2.13662611376697	-0.957746743773102	5.3069072344806	3.93144394387491
3.36214423596424	2.86655095281851	7.89679603581317	2.44715167791583
2.45640013633028	2.63410444245652	1.75822222931311	9.54737126082182
3.01151378239091	2.23677984667132	8.87789197033271	5.16121343779378
2.64126328949575	1.39331691300270	4.05165644059889	2.98693798598833
7.43758459524857	7.85380135274603	8.55496315169148	1.01817309344187
-2.76526042396771	-2.33554248829367	4.12015140242875	6.57273342949338
-1.74416184759890	-1.69763662293953	4.00397437717766	4.62255329918116
-5.78546186119064	-5.12687032059601	5.28716120566241	9.10029349569231
4.36101554909642	2.75843147232942	9.02978502260521	5.55293786036782
5.31395914398108	5.37763119273582	8.7790552356746	7.53838372929022
4.1988661505726	3.33003851645827	4.50990589126013	1.24737953394651
2.5805118063161	2.20213632579061	7.9958862895146	4.41471891803667
3.53430164443405	2.11861347573161	9.64556197496131	4.48070195969194
0.296003574553997	0.505030331132786	4.91193536296487	4.04038652754389
-0.497678957860743	2.18036563448888	7.41263210843317	4.2798866617959
-3.04153468614282	-3.65071515709901	4.59994932007976	6.74880372732878
5.41573862759961	6.449378804782	3.9281693669036	1.29622894711792
1.51495996541343	1.01756846899599	7.81378433224745	7.26573329581879
-1.99924418095055	-1.02535184441754	2.82423029630445	8.34007757203653
3.20385776920166	3.29832967703576	7.4000910022296	5.56680568144657
-1.37343659713661	-0.819459903182001	2.09522728924640	2.0133336330764
0.513321056945943	0.759080632753122	3.20939662563615	9.15690971026197
3.39445397924745	4.04923958805461	2.28973941481672	4.72005057847127
-0.572206852672268	0.411598390041706	3.15666473587044	5.26380209042691
1.46761663064767	1.27120916997555	1.53040939546190	7.423427620437
-0.501168142153642	0.715358170080804	6.78059432678856	3.17684089462273
0.352430948260644	0.637473812679996	8.88642291422002	3.69676564820111
2.99027495364440	3.29062101845931	8.0102320970036	7.34030939335935
5.40984282946165	6.04846333007925	8.17577943298966	7.94507453241386
1.75771693714798	0.0148690410787515	5.09747008257546	1.12456306489184
0.143231308785193	2.01263190443961	4.69075673841871	5.96182558126748
5.87428825971844	5.84310376781936	8.29783218493685	6.87215071427636
-1.11655159502972	0.09256253452649	6.44439961249009	9.38494637236
1.68620729271173	3.02725824064948	6.89251535269432	7.21352534624748
2.50814604127617	2.55385326770843	4.17877544742078	3.28390425140969
3.50832450954463	1.32033339384951	3.43234131298959	4.69934533094056
-0.697871206520239	-2.11996700204588	9.93415655056015	2.10602001845837
2.91373819751773	2.73049117604125	6.70143937994726	2.18769900151528
-2.74919188593083	-2.09625904754987	2.91887321695685	6.76106207421981
6.04245303142647	3.99989371532225	2.16435113269836	4.11781089007854
0.364171552116771	0.598662746957145	5.30306230881251	4.80480944155715
2.36487647468051	3.2563012412668	9.31667022849433	9.45467992383055
2.60065412297009	3.95812442849201	6.38884870428592	4.45500307809561
-4.65578755382734	-4.07175956577283	9.7855362542905	3.05726617900655
2.78154136400069	1.11344624703746	7.58613260695711	7.21250817296095
4.54190159088982	3.45615823503944	4.21054220874794	1.08872125693597
-3.17397388698883	-3.73150221560754	4.88326321495697	7.17517804913223
-0.207536531908656	1.42929628675151	2.33390404609963	8.1250713642221
2.38670244393356	2.65824047356567	1.11769817932509	5.56744139851071
6.00292896000763	4.91113040609853	7.44009459484369	3.77268624072894
1.03783301659790	1.35158627681093	1.92865812173113	7.63491049525328
-0.675366555547461	0.00665734165514515	5.0165591374971	3.74243719060905
1.86120089560501	1.80912020911803	6.76090940623544	7.97237831586972
-0.705310625898366	0.00398584194122087	9.92654758039862	2.00902274064720
-2.59566976477301	-2.24096145042668	5.46034220070578	8.17969329981133
3.95375276530439	1.55871942350828	5.35914571932517	5.41901050601155
2.84110520864278	2.29009527182012	2.56098101381212	8.49626357317902
0.91539899353902	-0.333386901622896	7.79338850057684	7.82580839446746
-7.23927207037604	-7.28874222282181	5.08505940297619	9.11931904754601
-0.254497157446801	0.201051657823631	5.60052805393934	3.50596011755988
2.41630378646967	1.75841438444228	2.86790601955727	5.0112356483005
-1.07008636294155	0.415381049443596	3.05792328459211	3.44814162165858
5.24152421592328	3.77233966697191	6.36140796681866	3.96926493081264
-0.820789166103285	-0.599027999999111	6.17384978453629	8.77240588446148
-0.0536276914274527	2.96867552222793	1.69357942254283	1.98872158047743
6.10813210972131	6.97722764930733	1.31986521626823	4.62031209771521
3.03807019970703	3.45196175464178	6.7851594297681	4.6546758429613
7.32213515111861	5.33291688616287	9.35753679671325	4.92831329372711
2.14175477194707	2.22074453945785	6.3828318011947	2.59300086670555
2.19680980746164	3.68063875428827	6.04810673207976	3.39157180092297
0.241845555500113	0.528716606814064	5.73424951522611	6.93595012137666
1.94421800755272	2.84524177656956	9.86585701489821	8.34449954354204
-1.93064996018718	-0.356632847791182	5.56877640099265	4.79065910214558
5.14276470240892	5.81107963393249	7.14509270805866	2.44057873822749
0.335563586220448	2.19172810029871	6.4138709588442	3.59749114559963
-0.949562219768022	-3.63348513779595	3.14981809980236	8.21916107507423
1.18574646189699	0.907499726309753	3.32349334005266	2.47821113653481
-1.60885977602362	-2.23392939270585	7.56378661026247	8.10813461616635
2.00283310575687	3.1542656078422	5.07313748262823	5.71793472953141
4.39202495146487	3.09635764403973	2.57614091574214	3.88031502394006
3.43648816151228	2.91435968812307	7.72028442658484	3.47659379080869
0.0534880959880851	0.992114596404472	1.94488876359537	8.2170823442284
6.68534522907051	6.79308309134416	8.78090454125777	1.93621988082305
0.281372051301481	0.681003559642871	6.53180474508554	8.54310039919801
3.5492766553321	2.26257529260429	6.01443584961817	1.71336586261168
-3.07355790286142	-2.90990880319052	3.95899587147869	7.45807660394348
-3.48022154181111	-4.56545137871854	5.07818300905637	8.78156043984927
-1.21491603060716	-1.94474797588173	5.50396875361912	9.80702387285419
0.375212412598319	0.674388006561074	2.62779725017026	3.24213586794212
0.484472100381985	0.534390714254798	5.76667542522773	1.22374621313065
-0.141138282229311	0.721272023394956	1.67748171137646	3.00680408766493
3.42825246441370	3.92625056336433	3.49980339384638	2.09822949627414
0.776230009246575	2.17214822632295	2.91429567313753	4.46715482394211
2.89104435054879	3.31542155965686	3.56311432877555	1.75897427042946
-1.15241022194624	-0.78752289148682	9.05584692652337	3.54323709802702
0.479184308807059	0.697265007042151	5.0161179099232	6.09924212913029
3.63594674561777	1.13659495771836	8.01986400806345	3.95688072126359
5.23366520957423	5.08849131973969	8.92557131382637	9.4912721447181
-3.59227521804656	-2.11447177480066	4.71811788552441	4.39573162537999
2.94082549914662	2.01158201234992	1.57427632459439	9.57984051154926
2.26843276653762	2.55645342180199	4.01938742515631	3.459275808651
3.55840535431672	2.14903289820324	7.51353351958096	7.18597140489146
3.32600945512475	3.27224145390462	4.03853800147772	2.23292624019086
2.32801604636141	0.721248268007875	6.67372710234486	8.29189694463275
4.67009104056278	4.68731816415514	8.56553098605946	7.8634422281757
2.61324961495488	3.15588866551445	8.70518498239107	4.98164350469597
0.646967138889686	-1.33172552085041	4.52223352924921	5.11008125101216
-5.20201878407462	-3.83590613884316	4.42444497044198	7.12409579963423
6.10984315879601	5.68494679732569	9.05900883395225	1.66958118090406
3.30284539100435	4.27915441248425	6.79884186619893	6.81966167548671
-0.785319337189835	-1.97829102107252	7.6697078384459	8.10922700446099
5.39763086215373	4.95667123190928	6.4477310187649	3.00984856043942
6.57555283637241	7.0046503958623	9.12773450347595	1.36849591415375
-0.892998167127512	-0.515333901026061	3.64357139589265	4.46183527004905
4.53574318541268	3.64704312764835	2.72134098899551	4.09682938549668
3.28436862038056	4.34937473152501	8.97805848973803	5.0173182298895
-0.501739466992313	0.275531730352384	5.53005537157878	4.48149852547795
7.42509246440387	7.01722983029996	8.89351788721979	9.2648612386547
0.387107391882254	-0.363164281599238	2.70274260197766	2.5661578909494
3.44746630486842	5.16246947744307	7.82292747148313	2.34883506130427
0.294722482688305	0.102467795820396	7.52049003401771	6.51879305997863
5.09641019707237	6.25814343498336	9.49352336465381	1.15518998797052
0.396960423194269	1.03878908766443	5.92881928314455	1.59499435871840
-2.03052871640858	-3.34296790378405	7.40569480950944	8.00955137331039
0.50656424499941	-0.494975849408594	4.5001458984334	9.4209051434882
1.05264023766319	1.24616807768935	1.90785813564435	2.86483725602739
3.63928795204791	4.57246477190551	9.34571879729629	6.79008841211908
1.59895920246235	1.28862975740525	3.54909250279889	3.98241617670283
0.0112352814883967	-1.57208643209816	6.31515842932276	9.59879431850277
1.51337262761672	0.607223452740164	1.99324544449337	8.35470241308212
7.69084997221837	7.28970714126187	8.56456328905188	7.66248528868891
1.36220898393207	1.28651154240327	3.86167315999046	3.00435379124247
6.15102295080023	5.09153378267771	8.04566203290597	1.41152244852856
1.88276398285404	0.965825945542912	3.40757386619225	4.29873921326362
-4.09422806486131	-4.90350114180515	2.9678075639531	7.67253722529858
-4.4487754850774	-3.73715320639993	5.65117152757011	9.40155624924228
-1.50401888777779	1.18556629125874	3.42055532825179	7.05888954875991
-1.41145787873739	-0.844410853334749	2.63051494606771	7.31221396639012
0.176852158353191	-1.12234667420502	5.66718523739837	8.62862867070362
1.66043578821107	1.85072733276589	6.06504642218351	7.35540989483707
2.36983956087165	3.00788789456242	2.16241169022396	8.72926983633079
0.370072668849281	2.40545655047507	3.30730843613856	5.01080042007379
1.03620716036582	1.6405795158129	7.46141748386435	7.0897149280645
-1.37867930310188	-0.570517414025543	9.65268942783587	2.15042304364033
-0.0127672251902478	0.594011953298259	1.90126761910506	7.62554381694645
6.15284608576784	6.06593726526246	7.86900420556776	1.60520633519627
-3.89960517108157	-3.66530814168437	9.5316971919965	3.5272006271407
4.3282138307148	3.06568693503628	8.367712195497	4.70455915341154
-4.37590400831453	-2.81210591664772	3.77463097637519	9.49082497437485
-5.12435343122095	-3.63088190843747	6.84621514449827	9.79608279862441
4.03227598247527	5.1294108044271	9.58019906003028	1.34979926608503
1.04866011716664	1.07776686505065	9.58359385025688	6.28954999474809
6.72139668625021	4.54771176668592	4.05981283076108	1.27010509464890
2.46694950623920	1.09716245750340	3.36226699105464	6.08753087534569
-1.69160720742971	-1.31322654594123	2.48908539861441	1.88404507748783
-3.13074581783453	-2.35200094150783	3.89951250958256	6.67261709738523
1.1512075964974	-0.112877732678910	5.59112685895525	8.36651651072316
-2.57853145526166	-2.88654457230342	9.31571624218486	4.15037496737204
1.75984078311012	2.17834247263351	5.59863728517666	2.20585307432339
4.48544631697277	4.52308924654909	3.3185913474299	1.72849040548317
5.88610537656387	4.69880681018876	1.41814798256382	4.15398982865736
0.938986750666262	1.04464444451117	4.76070632506162	9.96644606185146
6.42231510007379	6.2198734477746	8.68601352046244	5.79671929683536
1.67622725533017	0.895818781052692	4.12507609953173	4.02307642437518
0.97761141641557	1.5197537959483	2.18298088479787	3.82811179128475
-3.24228316583908	-1.21575101934410	4.37038178090006	4.44359854329377
3.90184543390686	3.92351742758765	6.68278205557726	1.16691767028533
6.19131196352086	4.96902935758055	4.51071040309034	1.32885205186903
1.04056513994990	1.21424677183449	7.20665063918568	8.90661964635365
4.19782403456374	3.53381084283648	7.20472071226686	4.61857621395029
3.11666625115463	3.66450444906743	5.99410560843535	5.22442966769449
-1.21346157431253	-0.296019568870582	4.86661967006512	4.62102859118022
-1.63064602271069	-2.06775177574374	5.07448056526482	7.31881092232652
-1.82167558415321	-1.43670702260164	3.75798932998441	4.59248018730432
5.54680599538011	4.70443069160195	6.20518549601547	5.5176249044016
7.85994827111255	6.90693196605616	9.19333273824304	1.33276375615969
1.47436425462828	1.88499607038167	2.28343673911877	3.68178161326796
0.425932822635551	0.325124545872348	4.73542862781323	9.66557783610187
1.42759408664907	0.50683839346503	2.89833175600506	9.41587214171886
1.40900181936363	-0.0505933955280913	4.85875333775766	9.6498925962951
-2.16390938241538	-1.76706684824917	2.19420977681875	8.13335827738047
-3.00434125425794	-2.52125742548053	5.14086801279336	7.79299473552965
1.77975912592573	2.09597825824178	9.48661353322677	1.59369967109524
9.4222011382052	8.21219719037977	7.85776475444436	2.21954301255755
2.49198151392117	3.24496216188285	9.39618845959194	2.11239438038319
-2.93704572551372	-2.28777848188668	5.23610647814348	7.86289474740624
2.15785459540139	2.41209904868104	6.43229260924272	9.13119144341908
0.927085565947168	2.22345512372654	5.36490712524392	4.62393181212246
1.22643663674149	1.65109372745694	1.97925684857182	2.64306707028300
-1.26888045606169	-0.869724727441962	3.22954149683937	4.37108697136864
2.68899150351625	2.62911659449175	5.48663077643141	5.55587809579447
-0.524774985445198	-1.20545284980500	4.35580037278123	9.2215241107624
6.87621974096802	5.30679798011034	9.41222233208828	1.68980662943795
2.18100338562703	1.36969436374005	5.71587470080703	1.98770971503109
-4.29333539564791	-3.02206747023644	3.85430204519071	7.78840500232764
3.27915256356339	1.77447667918744	3.50169426528737	3.74138898123056
3.69897983631827	2.89199273528021	8.08786456962116	7.51428690808825
4.48311105310204	4.41853407229945	7.322162612807	3.09097026009113
5.0671812191697	3.72312750863632	2.48524874798022	4.54112980281934
1.68815281690382	1.14625504501938	1.58011784893461	5.57091457210481
1.34063112325488	1.49469616412125	7.79235059465282	9.45925178891048
2.96518532627226	3.54751697802025	6.58369029732421	1.52087653544731
4.21816726717624	3.33157863399821	2.52619090001099	3.74289134098217
-0.794007413992005	1.41714955394704	1.55992647074163	3.16831639641896
6.94700408871322	7.10189236980706	1.98126341751777	4.46683091577142
-4.38161075728831	-3.25449730782438	4.43544716550969	7.8668502010405
2.24820852393628	4.26832555993307	2.5237982312683	8.78182298829779
-0.346957950084053	-0.569584953485494	3.68787287850864	7.11200093547814
0.233857830214557	0.361760952333131	2.72988581540994	7.09086434892379
-1.21397949961116	0.810065639162394	3.31453019171022	2.4854726747144
-1.80543949555861	-1.52576061637538	2.63108640536666	8.2258068639785
-1.45403008363634	-1.87466074361696	5.29582338710316	7.40794088295661
3.44510247268405	2.80221753580619	7.9366333859507	9.3583278011065
1.00193867030335	0.707557287609087	1.25008410168812	1.06745144422166
-0.911473888552615	-1.63061562100307	5.74579699290916	6.36698488076217
-0.649640263110708	-0.842144962429023	8.92287162016146	4.3007111272309
-4.47565526410933	-4.84309490006575	4.35757034784183	7.67770439828746
2.08975391981449	2.20315284151754	1.43163218488917	7.8587865147274
0.97112384009367	2.00771745563658	2.24765422055498	3.34650663263164
1.42147734788832	1.16888618438866	3.89342908351682	3.29442293220200
2.88697408088251	1.96442865829152	2.39348450186662	7.10956728970632
3.40231897873429	1.12738303317507	2.19005354936235	5.36932596191764
1.57889868006226	2.02033734827106	2.99175334954634	4.40726077184081
2.56086395466600	2.54911192200051	3.03742716554552	1.49993184418418
-0.347801804365429	1.77919127490479	2.18274880456738	9.09123308584094
-0.205777728909959	0.586336836990495	9.83407114283182	8.2155098237563
4.33251802619672	3.04369994278895	3.94312354130670	5.32911745063029
1.08001328357695	1.33434981197094	5.56245547370054	1.28915883274749
2.63137262787486	2.06248689224626	7.13298263284378	5.60806131036952
6.26680079525362	5.59935046507585	1.89252192876302	4.35791144939139
0.413334782395639	1.36295907421910	2.07012302405201	5.48714516335167
7.5815563647902	7.56604769242118	1.45395693555474	4.59339163126424
9.80308217357946	9.5705497697026	9.3632852777373	1.18852250138298
2.30048444709617	2.61217360755562	7.06341009563766	5.71860125637613
2.42435013738883	2.21860107973087	1.85372069920413	2.44358964776620
1.97686671125649	2.63085363608438	5.4333650872577	2.84602811653167
-3.45125140718862	-2.2979936998661	5.15396656584926	9.77704044105485
0.565694072298357	0.0382031533158731	4.37694877781905	9.69719387614168
6.47980674683982	5.08588763742953	9.91989297582768	7.8406329008285
-0.828506116022295	-1.01013667212690	2.58715642336756	1.68733478942886
5.96811411080194	6.03741563429045	8.32091687666252	5.6424148841761
1.18662548282835	1.48109086936089	1.61601973418146	6.4027467505075
0.99514877496941	-0.418881560333273	4.60404772078618	4.93321681814268
2.54310253792378	1.44310480812594	2.27029893151484	1.01478035049513
1.50589004992850	0.101478808124731	2.73978876159526	4.91996366297826
3.08988306452033	2.46675078651474	8.57216545101255	5.50867392029613
2.06191046797996	1.78796757125214	7.47922589536756	7.02644235501066
0.371133221618292	-0.128512571264248	3.40490874787793	7.25371396099217
-1.17321260787118	-1.43655409138523	5.45501480344683	8.04259282932617
0.747494716134797	1.94761299359320	1.74802508042194	2.25120560987853
6.4659375345452	4.31415559252533	4.18495816551149	2.46921109524556
1.05921550644186	2.20468510777485	9.72287924820557	7.83588619134389
1.22898194830325	0.27667625387255	6.62242770707235	4.99333255691454
2.55811724256313	3.79404127460068	6.98156424774788	6.66701947385445
3.50574590890037	4.39959226495453	3.8124069084879	1.94061574270017
-3.56974526391886	-2.86083428044756	4.65120651456527	8.51994007546455
-8.7023368272482	-7.50467975962489	9.96469634375535	4.00554425735027
2.93465637372420	3.00474671605022	8.69574120733887	2.79567269748077
5.08694391374538	5.93617334355319	9.58193556405604	7.25090928818099
3.71797649707938	3.56111313844896	8.31074583111331	2.4929088645149
8.12286766898062	6.1054525601488	8.03963904245757	1.66567513439804
3.17451427851862	2.43692165845037	3.41090316022746	1.34412569622509
3.11024805330940	4.80183727727111	7.85936376592144	8.61418194929138
1.44765798707763	0.969941395078177	9.87680430221371	4.36193377594464
-4.38660966734905	-4.46129218072894	3.64244994125329	8.92639627540484
4.14254063839461	2.20010929801211	4.59415996260941	1.81285995221697
3.88559000355430	3.38044262048586	8.30918371467851	5.46316670090891
0.945879769114212	1.20434134626644	1.69436502270401	7.78890462452546
-1.80149206548445	-0.539020521861354	4.27327128872275	6.45301731745712
3.98200951300098	3.93521987488067	4.98333220463246	5.75571516901255
1.23017849815985	0.040207732783981	2.41042719269171	9.19186014472507
-6.29912829719115	-5.40509713256866	6.23984743165784	9.87156013515778
-6.0878563122751	-5.32256500607251	9.7314596096985	3.51768305781297
-0.80969749555312	-1.79422252844522	9.90549850091338	2.11142525216565
1.87311786097022	0.956346016603203	2.58806832833216	2.56941139581613
-3.63612256038872	-3.34657790532400	5.87917381967418	8.93201729282737
3.19156954063592	3.67908024905512	4.45873502828181	2.12165444926359
5.36499068111688	5.63682331002407	7.08547645737417	3.69072014186531
0.657832034170985	-0.448385505584422	3.42364401766099	2.48261175933294
1.34856440913340	1.28994115998590	5.22325848112814	1.65348590048961
0.210072645966912	-0.0485835684616134	2.5462007408496	3.14572583884001
-3.11857370769088	-4.74997929076305	4.32270516152494	7.44999944791198
2.21025315694213	1.34088456042307	7.52864745305851	6.80518892616965
0.936229946670198	-0.280814470488163	5.37534193880856	1.68287469912320
2.72648255568008	1.00608525353481	1.57422220055014	2.55438029859215
2.95323375858497	3.26601118489166	8.06091606989503	2.31103322072886
-1.47433713885266	-1.37215243588686	4.7648947222624	4.52711065905169
-4.65083324907918	-4.81803772076159	9.82916276319884	3.08570589474402
0.0134573982248342	-0.443150034960735	3.54595560277812	6.05241840612143
3.55403963720033	4.05561438962225	8.630939345574	6.2516816793941
2.08892178176079	1.86198180768763	1.74015307775699	1.88883404433727
3.98861057088395	4.69724369293750	8.97812875523232	2.43024887237698
-6.22059151943485	-6.57407891561357	5.24737657769583	9.29858863609843
-0.152039172413418	0.79515836405894	1.98190867109224	8.73504747170955
-5.14266266425399	-4.91030966013306	3.99950186070055	9.16478878096677
7.56341254223516	6.17185686207328	8.53674912313	2.03742060763761
2.04951128843692	2.39373456864457	3.49164857529104	1.31985310651362
3.37043913556989	4.06786112072862	6.28331627277657	6.27178948791698
2.89290126737122	2.30748782606043	8.53059042757377	3.82751438370906
-3.17772695126582	-0.182623960986391	1.64038621587679	6.01200346741825
3.93737381150383	3.83538806876704	7.32500869012438	4.19045873917639
7.35956836224236	7.15280916131236	7.28942083497532	2.28941480466165
2.95389754679332	0.609471318444962	5.17566142906435	6.10421916493215
1.72176342805200	2.28264251163549	4.93237999407575	4.00688792043366
2.32435819548074	3.1265795690747	6.05959108984098	2.08361071534455
1.6896724612959	-0.59576036694996	9.35634903702885	3.30268891784362
3.72464889822909	3.3574055453896	3.07419772818685	4.18046784796752
-1.76988004302415	-1.76401408583338	2.99632378970273	8.48187936400063
-3.19170019884679	-3.70377741027526	4.78194303973578	8.04901524889283
-2.32655652355652	-1.87917229902381	4.00168725126423	9.46136986650527
5.65126303417729	6.86229547646983	8.78326795296744	8.55279128532857
-2.47823973994091	-3.24919356074607	2.59475082159042	2.34086517267860
-0.63236663357872	-0.721375502965323	5.43986855773255	6.31608476582915
-2.27953192519169	-2.18061433151580	4.86742030107416	8.41566340602003
-1.49201388522985	-0.176289125033371	6.07837458699942	6.68696828815155
1.59879017721594	2.39440676990972	6.90546083962545	5.22936965338886
-3.06324869600501	-3.54562945341634	9.80698656500317	3.32866813219152
-0.848719196428776	0.102911015679752	3.08945033606142	1.22122315759771
1.70498029584386	1.20544370119882	3.16730436543003	3.95927314902656
4.26444279418281	3.02228932326452	8.17152475588955	3.02368135983124
5.6322295706744	4.68494974216678	8.48504543513991	8.89598655467853
0.448194861425108	1.77694366382491	2.02156935795210	7.09888780629262
5.77076803875068	5.64381125108078	9.66980814700946	5.73339973273687
-0.282295583146301	-0.292210965621852	2.32590609695762	6.01917997538112
2.83213539042886	1.92717347211522	2.29264248488471	3.227245060727
10.3062332174799	9.92301672984961	9.32706941687502	1.06567093729973
-5.30903117680006	-4.00060113458201	5.56332042324357	9.54015791648999
1.22755093267373	1.56591031440605	2.39365915348753	7.47235124697909
4.61100510184553	3.48381663406915	4.13471846911125	3.51392090134323
1.42209599298919	0.48736606932609	6.93838923214935	7.6940457043238
-4.15018334124303	-5.98077925068308	3.80595136992633	8.83673560828902
-1.94745488706947	-0.966722227249835	4.16416068351828	4.4233311265707
2.5440307334862	3.21477575374823	2.330611362122	7.47502764314413
1.02969616687766	1.40402508991159	6.92989848158322	3.15646039345302
2.33304018082020	1.33768635268120	2.66562968050130	6.82988386740908
4.17861854146491	4.07647503264357	9.5894032320939	9.78103684657253
0.67262970730709	-0.810314020426324	9.08063642820343	4.40198927139863
6.85528791278976	6.29523922993479	9.49327348964289	5.17729715746827
-1.04513529551300	-1.18758625443909	7.51321676117368	8.31066666194238
1.40139780527131	-0.428273927881568	4.33321359334514	5.44967301865108
6.1116845054818	5.59328670496836	8.02915786230005	1.45278120390140
4.7809998932636	4.08912563134124	1.10034557781182	2.17559566535056
0.0205027903541382	-0.00750724547582392	9.46277840971015	2.45294484496117
0.375608044330852	0.540653195000742	9.94374303589575	1.80507843848318
-2.24560168992198	-1.52456663872043	4.2166517067235	4.63252679375
3.33999760139839	4.62182782410655	7.72871557134204	1.57473881077021
4.36668521147914	4.58953403230442	8.13618121435866	6.05805330188014
2.58365548570190	2.55633670599203	7.35273105744272	4.02871697163209
3.12477035290034	1.29714251945129	5.28242534864694	5.86578052956611
-4.41169209637099	-5.59010401074407	5.45189073402435	9.21908099763095
-2.53606150424091	-2.17975035931585	3.77247203909792	4.48192683234811
2.64193701659829	1.70814238669885	7.25511021632701	9.6424044764135
0.802668839223912	1.88800805133998	8.4051397505682	4.46217932202853
-1.92634207688715	-2.0461485131662	4.91245876671746	9.47441781382076
1.68961483256415	1.21785433281707	5.63259387528524	7.12572091445327
-1.05958901831970	0.6377993436444	6.96709870896302	9.12378118303604
2.30072465051288	1.10801886971869	2.28849927871488	3.28417359129526
-2.06290166758994	-1.37510154505739	4.10038654366508	4.65487416507676
-1.19806450957726	0.612391962094145	4.65187224093825	1.12823752150871
0.351613805846773	1.59431235673595	1.76779905240983	1.99403014779091
4.53047017094881	6.50122537750397	9.39314735424705	5.51384012727067
-0.427425730389117	-0.0153890649845207	8.54545660037547	4.34373983251862
4.64735391897253	3.82154985776372	8.91489966539666	8.2532399885822
6.25634689800104	6.81790567236729	9.42141220881604	1.07130559207872
-0.390079066860127	0.836738216988755	1.65214570122771	8.52860853285529
-1.05366859761884	-0.72008463287031	4.4088349645026	4.39155261381529
-0.566736686706577	-0.572911201762347	5.84078430500813	4.46723679895513
2.80546124752334	2.55890176632811	1.94545124797150	9.56377517967485
6.00764919729516	5.56008128384549	8.21518935007043	5.28106815507635
6.1564481578101	6.40146609535577	7.65677571226843	5.96884414902888
3.38162843508664	3.45806182963617	1.46934112044983	9.41244692518376
-3.05335052113116	-4.17640003023005	5.33952615875751	8.77092630462721
0.539066022720182	-1.04168433759510	9.28466056589969	3.33923035906628
3.69195580009537	4.51981712728159	1.37375586014241	7.18929851124994
0.0178196024309664	-0.473392049699357	3.64592619100586	5.03116521565244
2.2854076599914	2.26683068297187	5.50765438540839	2.96214648312889
5.27288165543428	3.95193346997943	6.48774041584693	7.17613133555278
2.63984662441077	1.70961588810148	3.37824144633487	9.63443822762929
2.93594593745245	1.85972979302762	4.80788748594932	3.33464032830670
0.79154226093948	1.09181287437247	4.29907254688442	5.21883992734365
-2.54777085804639	-3.59251148310092	9.4825479015708	3.89205601881258
1.71155639101417	1.00241528060875	2.11351208621636	2.48178533092141
-1.05179520038081	0.217612263126332	1.63029411318712	7.43254952831194
4.34810886660553	5.28019460104449	9.6788533416111	5.75349176232703
3.29130786155081	1.91770066625092	4.98259097407572	3.11243212106638
3.94952754908838	4.41058039420616	4.33245142269880	1.57988495356403
1.80929037736379	0.493594255493118	2.53219222114421	7.08187146577984
2.38723976825009	1.72830505582318	1.48771386453882	8.2553082567174
3.19404676583031	4.26503762307543	6.92045262362808	2.03924111719243
1.02618126288793	1.5651676910493	6.20345725025982	7.22812979202718
0.561246713214897	1.85863485954942	9.88391587557271	1.19607605668716
6.5210576315147	6.33082414610334	6.43413161346689	4.25239037745632
-1.62857766954369	1.91100829165119	1.58454926894046	7.59052044944838
4.22293860883902	3.01154100762279	2.45898173679598	3.81360737723298
1.13950578115671	0.848621961044848	5.2785812842194	5.02437747921795
2.26115748171605	1.44638660433531	1.01739551266655	8.42895161220804
2.85851955978408	3.08086017230782	4.97313228761777	3.98615918681026
5.08330285268213	3.64847200942643	3.34836763516068	2.29622650495730
-0.752463577294525	-0.9420727019171	9.4457237094175	3.70828676898964
5.04744333735358	6.02903077752623	7.4424995535519	2.4634161721915
3.09525140091358	3.1735525752075	2.46776930522174	8.55524420528673
-1.30083203827692	-2.20157379785237	5.28569216607139	6.97876729466952
5.23110340363403	6.67720818928983	7.21231050672941	2.24980575032532
0.615953168872699	0.687430264194325	5.14805661584251	3.9329363249708
0.626401638199929	1.42254524732906	9.59632064495236	8.48287196992896
-2.35226620482532	-0.806826721689168	7.41286110202782	8.40285193943419
4.87517460406313	2.77897436852025	4.57433139928617	2.34459928330034
4.03216694298527	3.86482084410484	2.05948550882749	4.7915172057692
3.53194400717735	3.01784535163106	3.16104645747691	5.00664386362769
6.03618542123508	5.91079069990609	8.7726750986185	8.95534638199024
-1.45723427815877	0.124013512448507	4.92378761502914	4.73497594008222
-1.78961452871873	-1.86265528893947	5.48081246786751	7.20902945683338
1.73952628158318	0.391829345226375	7.22734904917888	7.45228789397515
6.98685640758935	5.61145684813238	7.8428195361048	1.11141252936795
-1.46178017597697	-0.944698846483012	2.39861100376584	1.34046503622085
8.74181846437941	7.2259913555552	8.64511383743957	1.81789672793821
3.20543845617505	1.70631272731202	9.52136037126184	4.58941570692696
1.14938341730677	0.334806447388330	6.29577271337621	9.1019311833661
2.43445623669684	0.768807695957081	5.52025733748451	5.00412365584634
-4.56776755507534	-5.58273625337633	2.70801925938576	7.79637782881036
3.32799573637850	2.80083959024036	1.01653172401711	7.40323215606622
3.5575147574975	5.50245076184216	8.89820256014355	2.5008071528282
3.19374584674057	2.50543558924488	2.20700204046443	8.82228150242008
2.20477834230386	2.12844692440731	1.20467101735994	1.80266081891023
-1.1676302218175	-0.330130602460975	9.45223035453819	2.46712297038175
-3.45013553086454	-3.29994846946411	3.6365385055542	8.64418319473043
0.802095438908269	1.79830897153374	2.47893916978501	6.65317307063378
4.92089990538214	3.70429977199438	4.59192300238647	2.87613955885172
-2.40010016994513	-2.22826488045542	5.1361787088681	7.0557474414818
-1.19457453104371	0.139385449525283	4.9062776369974	9.67785121803172
-5.11476297320451	-5.25632369306376	5.65308843739331	8.93564966809936
2.59028282948500	3.88169388553297	8.61621177382767	9.65588218276389
3.52888200714963	4.86136920144788	1.49647857761011	5.18223867076449
-0.814616032889672	0.990867522783728	5.9875935507007	1.65589621523395
1.20780482721202	1.88584550882685	7.1944771381095	8.86877878173254
3.82514554283248	4.29850359404037	6.92251798324287	2.78985525644384
3.03153729464862	2.00412021600421	6.9700845272746	5.81130782747641
1.11664117466133	1.71402874341534	5.25010782293975	1.95005971891806
1.12631079947568	-0.0335385778050928	9.72575349500403	4.45595515542664
-5.17594934877914	-3.84272246827947	4.61977356462739	7.7293533210177
4.71619563087387	5.64195129257936	8.64596893405542	7.26211898145266
4.97065879436894	6.04515391967795	7.80980416666716	1.88552594813518
-2.23584488029830	-0.78472838499921	5.79341097432189	6.50378614035435
8.1177611309448	8.70649329480489	8.86734694731422	1.18832728476264
-2.81432423256067	-2.69893994568355	5.20403604046442	6.8474102425389
1.75667858598305	2.47704945480822	1.07315609836951	9.8054026325699
1.58972597520659	1.58642571786493	7.54990304168314	8.58254013280384
0.657890956323788	-0.329470384096508	7.44930530898273	8.58507257816382
4.62621768693476	3.67270829815815	2.68683733930811	4.4870694631245
0.0283270149009984	1.73702832723214	6.81460549146868	8.13763991906308
-0.919000754853456	-1.21239953994578	5.87781351851299	4.65576903172769
0.486278917929753	1.63528080675723	4.01788683817722	3.28014014614746
1.76054408407411	1.93583798426495	6.74117850884795	4.77373590134084
1.88479636941104	1.84964156745335	8.46280957455747	5.45949579612352
-1.12028445144246	-0.453498023468336	7.38077678601258	8.72421361249872
-4.97153976449239	-4.155852947422	4.13695315783843	7.59038368193433
3.86596528858944	3.74408792010661	2.15495087439194	9.76985641452484
1.89469753234586	1.82934347717590	4.49270639987662	1.90049418737181
3.60099025350772	5.32734276989077	9.35359793505631	8.49331753328443
3.27920802307620	4.21479465353587	8.23951694183052	5.05498760077171
5.75859533504488	4.45994103687881	7.82827126374468	8.65413222252391
2.71721145584881	3.30719510763678	9.61524900025688	6.12776389322244
5.70479802817217	5.14950504964575	9.94522490818053	9.65388262527995
-3.1430068898742	-2.94806341377188	6.45796895190142	9.59275660524145
1.82900285337481	2.51712829077227	1.26439448934980	3.55401558009908
-2.30712585280919	-2.3898244973150	4.02800822095014	7.65645848028362
4.58581151490954	4.41766468295276	3.49892278062180	1.63668318116106
1.95319342865239	1.14764669982975	2.0547779512126	9.10107592120767
1.91562489650478	2.12782576555436	1.38896433101036	2.20078515354544
-0.170178191110847	0.682251210772513	4.3327880713623	6.00297469925135
-2.566391972014	-1.26971715722818	4.03190477914177	6.40367229282856
-5.73042189384676	-3.18576094802902	2.56287298118696	2.19664935069159
2.80406731406419	2.26780930244495	6.59595951554365	5.58381103537977
-2.01407448354174	-2.03754014914225	4.58059264742769	4.30344916810282
6.58107680451895	5.53414582041807	9.60108191799372	1.02974092657678
2.22381042561234	2.73021528655624	6.88014498795383	1.43181874300353
-5.34155794262223	-5.9895199174986	3.95869345031679	8.93843605159782
0.274205113371738	-0.211513677932963	2.77432042150758	8.41165336105041
3.30062593963134	4.50762745206062	2.03808092349209	4.71727810893208
3.45145931416602	3.45442951502203	9.9636893083807	9.2955989621114
1.09526061082455	-0.491599150152352	4.41349052707665	5.29662640066817
2.32250000533089	3.31572426152089	6.05789283453487	5.27494981209747
-1.49373390374485	-1.55375645926514	7.59446215885691	6.92052460322157
5.06969017648664	4.41227565639487	8.83724997635	2.46988408453763
2.98505868816609	3.21816664349557	6.14953233697452	1.85674934065901
1.94006440280487	1.19438572711248	1.09932463895530	8.75363313080743
1.81892457984354	1.27784667507459	9.15683735138737	3.15891252760775
2.72495795474424	3.56011703655361	7.93588268384337	5.99863718799315
-4.15633119610394	-4.29114306055084	4.44254161044955	8.64465935598128
2.88928101792268	3.173702071573	1.8464129997883	4.14682822581381
4.04028663749442	3.57360172282439	1.44688225514255	9.78164735715836
3.89381722710928	5.00023981969301	8.39046086301096	8.82464977144264
6.45560804582231	6.56342998786066	8.4639187392313	7.7871164586395
1.95105146096446	1.90081372160897	6.89259588182904	3.01306078024209
1.07273332774070	0.761854266131656	2.19545031734742	7.928348188987
-6.25159404006405	-6.43048152974761	4.07628911058418	8.87242225883529
3.06686717980167	4.1266482375842	7.58234421093948	1.39413797273301
0.282544174468303	1.25617869792075	9.16562274470925	2.79784636385739
-0.991882751092512	-0.430546240289292	7.26577299460769	8.68368122447282
-2.00552217927423	-0.72262351960876	3.17421300034039	6.87028715526685
3.62439059197646	1.63775282615168	6.79696505749598	8.82398817315698
-0.920208337840043	-0.991393068239075	3.52675192290917	8.3227292872034
-2.96956891127084	-2.56747488544207	9.61872868658975	4.25302874110639
-1.30754530604492	-1.11177954844080	2.42556361062452	1.81806261418387
-0.501425207905547	-0.108203429562609	4.76505092531443	6.17189761414193
-1.05865111251534	-0.968515503414354	3.26808817638084	6.89257372217253
0.267934022314998	0.461245916500211	1.84951240965165	8.39984298706986
3.76800748414872	4.40030371955679	8.44945992692374	5.10017963545397
-1.02608809639805	-0.654404110793358	5.72774953371845	9.85896008531563
0.867439988945587	1.60003186338595	7.00972864730284	7.75358540308662
0.551523257029087	1.36481113371226	4.67449983814731	2.20200118329376
1.56073974318403	0.972987549344518	8.58330913051032	2.93656161427498
0.196071532517886	0.728194967801787	7.63574921153486	8.63541583926417
3.24479804324135	1.77465668735966	4.13401960907504	5.18807066907175
4.75215720289136	4.62611113908644	9.54044359689578	9.24191011255607
-0.937462445085397	-1.81507769825612	6.82011270988733	9.24901964492165
0.269731849713055	0.74719639440361	1.31749990186654	8.37869125441648
1.17694718196696	3.41987834796765	6.36803610133938	6.10211041849107
-2.03455133652190	-2.05017010386941	4.73786201374605	6.53929445124231
2.29138973662757	1.15922215698479	1.69207334332168	8.15320260915905
1.74741965206586	1.82282481357114	5.75243991310708	4.95726893655956
2.85741553592327	3.30113044094241	9.6609997767955	4.7132852782961
4.51023887209684	4.25016048365482	7.37866046023555	6.08936756616458
3.10428820009786	3.09094642225113	5.98128133220598	2.36483048810624
-5.16514738751560	-4.20126287147648	3.18660948099568	8.26714760903269
4.07401887515112	2.41671125143818	8.0023827611003	5.46077229711227
1.02897067711363	1.25403659761099	6.8674684909638	2.26458264747635
4.38525487631611	5.90382981159752	8.47221133532003	1.99260351224802
2.88042291798185	4.21600646068236	6.83695852686651	1.99711957061663
1.95374696502719	1.42421814950389	5.31852214876562	1.04242851492018
3.68276820272184	2.28950706180364	5.45557695045136	3.1456391972024
-2.23831244525025	-3.36494025295341	4.41885332320817	8.90940591250546
-0.558987784363757	-0.547628439780823	5.05436893459409	1.69496791623533
4.3811728624919	3.44083606052077	8.32826575427316	2.24684704118408
8.14254792892221	7.35469273843786	9.35899503203109	1.42772117420100
-0.199330792018181	-0.286272730101568	2.32732940698043	1.30526986066252
1.7913550519772	1.75855408137288	7.74839498498477	9.24480116507038
6.55043196043992	4.99757460561363	9.78091614716686	8.56180354533717
-7.98074671981053	-5.5758686780966	9.77313217124902	2.60984274838120
1.11153784778370	0.944208562902346	4.15563013148494	5.45741150598042
-0.0735015971243944	0.329625084277375	4.54554151277989	3.76262674364261
-6.64519537751127	-4.89935168156631	9.55855908151716	3.46939265681431
1.67096703039938	2.36481015183489	1.9598348767031	2.15419469890185
4.54565935692975	4.68532553760264	9.41284104855731	4.86443721945398
-3.22054267823475	-2.76230470885245	4.11545889871195	7.26350467349403
0.69426853855487	-0.289728239577333	5.79754545283504	4.01554646622390
0.111286043103071	-0.575939430334625	5.84914869419299	7.31121790083125
-2.42074737994409	-1.31014300662883	7.4324615476653	8.56481423275545
-4.60643110638109	-5.14801787432416	4.65211450099014	8.94368805992417
-1.22610764839454	-2.00628562683730	2.37509327149019	7.89930415060371
0.585899457748848	1.77808838412123	4.06209485209547	3.89824864850380
3.02353834385006	3.27080548195893	6.63989362772554	1.37905306997709
4.75409019604908	3.10001826466174	1.51635410473682	9.0343893005047
5.26923796285829	4.76619806769888	8.66500875819474	6.7429463067092
3.82221790406011	2.91216453704724	2.91380811249837	5.99043804593384
2.81231985719495	1.05610019782864	5.85515825054608	7.89696953282692
-1.40276228138413	-1.52979933892714	2.22838827571832	1.87175165023655
-2.02780996112895	-2.29377693006511	3.92378626437858	7.73214838816784
4.42795184022891	3.34791356127825	6.5896866437979	8.87696188921109
2.48073849437904	2.47136964356678	3.30384023720399	1.06901735975407
-1.87083989530623	-2.25506013913153	6.71388218947686	9.41425286908634
1.97464281101902	2.50761565928091	5.37104896269739	4.66269092261791
1.94266992820303	2.76521761766627	9.4435922501143	8.09887050720863
3.10484329374224	3.15149825632836	8.71751383366063	9.78514862060547
0.726213460177474	1.28902309588267	4.33795183920301	4.00062291300856
-1.40957650117180	-2.19646750023828	3.82781646959484	8.08493338874541
5.5088289560804	6.1563956998939	8.45680923829786	1.80424824450165
-0.513918664052667	0.266113822045747	5.06657361844555	1.39329911815003
1.02329566871422	1.92482086291258	3.84290570998564	5.63440364343114
3.35498660679464	2.22644224217564	1.88027683785185	1.43280394771136
1.90146210938189	2.28528890967301	1.58410482900217	1.80276514845900
4.05444674956370	4.64772733460762	7.20511629828252	7.19492969382554
2.01958822608024	2.14461412316426	7.01245543546975	1.31354680354707
3.42987918592735	3.91257145901836	9.14091983018443	4.87819832004607
-0.414688373811096	-2.08573377380804	3.71523943403736	7.83364646090195
3.9013261705709	3.21532887320015	9.3952783420682	8.4861725915689
1.39718261313789	2.12483622387086	2.81784715643153	4.44216265203431
5.40317088495172	5.10107983871212	8.13140880386345	6.53999336995184
3.40257342371976	3.14491721662042	3.02167457924224	4.10487985354848
3.22506487088573	2.10008924649368	1.27680913987570	5.79050896666013
1.92447019616474	2.23457664895492	8.75830637081526	3.34008196252398
3.69149252649972	2.86690064047721	7.16596754663624	6.15574560081586
6.02489404204278	4.85000113726421	9.47867418616079	9.15262010577135
4.75980405080634	2.78351611155649	7.08268384402618	6.09419690654613
7.08666030495072	7.12276210163638	8.5880813356489	1.50838135997765
2.15275655060870	2.08158828386916	4.25704766460694	1.91902370867319
2.14518735333255	0.91164113089667	4.53129296679981	3.95507670310326
-3.01515603130442	-3.3009393924502	6.10918657830916	9.91540456516668
0.0625330540904956	-0.153268549670716	1.85636920249090	7.42928805435076
1.25262960912496	-0.122690824068195	2.74405664438382	1.71076765493490
2.56159617567872	1.67501508898156	6.29259753739461	6.52794804493897
1.29210144005486	1.27458664929639	7.76353751332499	5.4391030552797
-0.194197804558148	1.43966143616766	8.80514908512123	3.42187889362685
4.28828293716516	4.38865439924123	4.34616163466126	3.6379977655597
5.84059533331111	4.71095528381511	8.18933094618842	5.27750470209867
1.72216777006929	2.23335136027739	1.52482953318395	9.67670691641979
-2.24348711758867	0.0645678017525105	6.61092138453387	4.81268891878426
-5.93647336877326	-6.21118084537107	4.20977265993133	8.59687386197038
-2.79492736197744	-2.17275250113580	6.2913513914682	9.5844461619854
0.641014128880229	0.752522954856451	9.22406177804805	3.57826172281057
0.874662827794755	0.988767455489031	2.79497964610346	5.86764458101243
-0.337866869690375	0.847463382336971	4.32175261480734	6.23240486113355
2.32258075836594	2.49816515301331	7.04267494985834	3.30658204993233
4.02738846922708	4.54865223518841	7.91330095659941	8.90275571472012
-4.08527596791837	-3.86418081933434	5.70023448439315	8.94072148855776
2.56218715670424	3.11506502752034	8.45267516211607	9.88601216231473
1.63536558423083	2.07387563172666	5.74386575212702	1.91458811028861
-4.03524725741769	-3.46762673763354	5.51579342503101	6.56897501973435
-3.65680625825914	-5.47452913188401	4.77975987875834	7.34260392887518
4.36277866141642	3.76500203428987	4.26068454934284	2.33729587751441
0.486883799569916	0.18316089175913	2.11086019244976	9.01729532470927
4.16489806605549	2.44693828970528	3.68345376523212	2.46403270098381
2.68681890029746	3.57948532280872	3.49008840764873	2.09679822553881
3.69871868128191	3.12518392857501	7.93202820071019	9.7980117155239
4.92452841649039	5.93688477147991	8.00363171915524	6.6439923888538
0.237609227001215	0.719634624623143	2.29408552590758	1.17279487010092
-1.39918709056382	-1.91059284171186	5.63973535527475	8.46247730124742
-4.73412750788577	-4.17424047333646	6.37516436935402	9.98989727743901
-4.01406993291514	-3.53142632584149	5.55258721602149	8.81285964604467
2.29566853647286	0.82274247544322	4.47489669756033	4.57219967385754
0.137602072213572	-1.45662038842749	4.83488290756941	9.42617604252882
2.00957319737440	2.74044298639711	1.10583761241287	3.92295606411062
3.43999875742587	3.47828798128583	9.27398593351245	9.75202805409208
1.77416799705987	0.78240563973159	1.71495723817497	6.06338608451188
-0.838308614566035	1.02797444616752	5.56636829278432	6.21396134025417
4.53005638726787	4.96738953437157	8.38154455274343	8.42221318231896
3.76712347451079	2.83104299194846	6.3855587632861	2.78600029763766
-3.45207652159598	-3.83526069887227	4.81738173472695	6.57090671523474
2.30697802462408	2.60871270330649	6.03379243635572	3.02108153444715
5.772799970262	6.77705335032602	8.1018502486404	1.22701357118785
-3.73255161092131	-4.5423480540282	2.50943732168525	7.8085461226292
5.98981503445625	4.53015819973722	9.73406557063572	6.74341250187717
-0.328081924298356	1.8631438770175	5.26152788521722	1.52082021743990
4.89652979394973	5.30186897648482	9.36768885306083	7.06418031919748
5.84967483771772	3.90900332582195	9.10845343349501	7.22390293655917
0.679237580010811	0.194272318834012	7.75793969072402	7.70706063741818
4.3826226648813	4.58471992826676	7.08911895169877	2.11655683559366
1.02754516992495	2.19717375401154	6.8321210120339	2.36054608039558
0.605954910535902	0.975801005535962	1.65922182751819	2.59687562775798
2.84016300631623	2.08036917029563	4.81202576565556	1.07982520991936
1.42074401075968	1.22295492075326	5.77741927746683	6.7040977885481
-1.72906745575967	-1.27433119502696	9.48434286098927	4.35475796577521
3.73650194575187	4.65709872880292	7.41002103453502	3.49948044121265
6.25434521895599	6.36205246230332	7.52041517943144	2.55257650674321
1.99606611856730	3.19972858705394	5.23115755943581	2.83340027229860
5.03985137855904	2.36498051967305	2.08254030230455	2.99683793564327
3.98016092422637	2.40769583744245	8.04787903791294	3.28088354133070
2.88851125588173	2.21009206080425	4.94341657380573	2.53087920439430
-2.98710292781744	-3.10351553024585	4.88310381839983	9.29509087628685
4.54906056353904	5.01537368883441	1.24748091096990	4.10782112623565
0.414682648307972	-1.43155064389801	2.31905658589676	1.76598288258538
-2.26897501087448	-0.97757997968131	4.80335642187856	4.40036024642177
5.82199739977241	4.86126184008933	7.9042345683556	5.89009167603217
2.45919428714458	2.22665339604880	1.04289800836705	8.08309833449312
4.96631285326191	4.10376291796139	6.43236122350208	3.88282174943015
10.2923019697741	8.88087398018094	9.1501953448169	8.54234666493721
3.15465676491641	3.16767161310685	7.35995378741063	9.98623436689377
1.08761734495882	0.885353331017133	3.3628344333265	2.92098693177104
-0.186778145395034	2.59923658436141	8.65968597517349	4.93566842214204
-1.98216785141669	-1.82416748543738	4.0024496356491	4.40856996644288
-2.93133264647448	-3.76297064156722	6.20455840812065	9.6901903769467
-1.96033753788360	-4.14886905143112	4.89495817222632	6.77004852006212
-0.470938662573214	0.67515490115089	1.46435790718533	8.255218004575
3.06912827369537	2.83787817102677	7.56822959100828	9.27155969943851
-0.766285669914063	-0.788934027325722	5.93353372858837	1.52760203205980
2.19992922309701	0.820799633921248	7.76099787000567	5.29878570046276
2.74444819531436	2.99070095032906	1.45694048237056	7.27194509492256
4.08509738130449	4.09022272668425	7.43469591159374	1.4020435847342
-3.14339367212988	-2.18039084527655	3.67925011087209	7.81168885226361
-0.952546388578665	-0.933172910712454	3.55129488767125	6.32506352337077
3.70586784599028	4.86453578461107	8.46889414684847	5.59126416710205
3.58584787887434	3.74292227708454	1.77755837677978	5.07341589801945
0.529542016411993	1.13026302162139	1.38391407090239	1.22933769482188
-0.983541879209197	-0.819540128645348	4.13866728008725	9.65659248409793
-3.50360592322068	-2.81980865217883	5.88102409127168	9.88864695699885
5.70590358972802	4.04292498453432	6.48514777165838	6.70923602301627
1.45216016966552	2.02383018317038	3.44234888628125	4.82987212203443
0.84931650178913	0.884775192917032	2.84707838785835	3.39963314658962
2.73668884902002	3.13375115944873	4.43468933459371	1.72512539196759
1.82647152962712	1.11173680209814	5.25302303838544	3.97127407090738
6.22898598522285	4.96153139011944	8.51966154901311	9.04645092622377
1.97855785653581	2.33534418813414	2.09324346669018	3.76007678639144
2.27534595895928	3.30066891590965	7.08227312448435	4.62181457062252
2.21170735158578	1.8019907771796	5.4701669793576	6.16412257752381
2.69748279468304	2.16772845145285	9.12013973016292	6.37289545941167
1.77304998439818	2.13617744658895	5.96137570147403	6.13015423808247
1.39336904521369	0.711619651683469	2.15708208852448	2.96264159167185
-2.73326640214721	-2.93667715681405	4.97808807110414	8.38114070007578
-1.37885731922899	-0.0943042852186206	2.73067926731892	1.32990202773362
-2.17404252769077	-2.78463901220284	4.91410559904762	6.63024533423595
3.12428745523259	4.32057590022810	3.02620062674396	4.90131044364534
-1.29076074315160	-2.61336795995465	9.64986653905362	4.21233524661511
-0.125094466512458	-0.499390035666386	5.03584718541242	7.96300876047462
4.70765433826974	3.07031279595950	7.99430486746132	2.56106843077578
1.62554214057105	1.72113595945663	2.42397797037847	5.43888075882569
4.44723866433069	6.00727076260808	8.80127724306658	7.6347001765389
-1.21805073473646	0.172593408949432	2.85531045193784	5.59900920488872
3.40566646048667	2.11983560751116	2.60154714738019	5.27578224404715
2.38010061836297	2.98717296687604	2.48402031720616	6.29109946498647
1.96759426225544	2.94752616082097	6.08742079581134	6.15283641405404
-0.0759911420094236	-0.378419043291002	7.54462919011712	6.89425966655836
6.7557637804347	7.01266078767092	8.88327090162784	8.7861300020013
2.00001196860240	3.068204622222	7.3758194539696	4.57161738304421
-5.57780498237096	-3.04641682385047	5.29716889839619	9.64104540110566
0.64178958424838	1.09271681248766	8.38251994224265	4.42789529706351
3.49841573408766	3.14400450352525	1.14950989698991	2.53079451993108
-5.90737514048134	-5.55839674867617	9.96499991114251	3.08444390702061
-1.68274183733152	-1.53666291356261	6.71405352186412	9.54928188421763
2.20086267687350	2.65344687934922	4.85627842787653	1.75157341873273
-0.847537496770725	-1.08244169589481	1.25553639559075	2.73739614314400
7.41770905678822	6.7164512853113	7.77999430522323	1.67225765669718
4.07073700865639	2.74413869315929	2.87770577822812	6.44514407217503
-6.36886348450008	-4.79573233342527	9.99509864649735	2.94258606736548
3.3314528442522	3.11316987341548	9.16524273855612	6.29188534594141
1.65707822208172	1.91041358812912	7.4121852859389	3.06007842905819
3.70519630083235	2.65229228816004	7.57839595526457	4.51832661312073
3.1023081370657	0.87926367592054	5.25239129015245	4.13115322031081
6.49868126191846	6.50653552470142	8.76259618275799	9.26541462237947
-0.645147361208463	-1.07364904257492	2.48873610165901	2.00835211295635
2.77758625937674	1.72124777747532	6.58385133044794	3.29478529235348
2.42265468773608	0.900953481985559	3.63098255475052	2.67961662937887
-1.95265417237244	-3.15224222280317	5.1052756041754	7.70989170693792
0.705811910846681	2.76471617596947	1.41075288085267	9.39671904034913
-0.185226798765192	0.971400521521857	2.59895576885901	5.45240704459138
5.78681847537729	6.09090374734091	1.52138861105777	6.8049431310501
0.546119358723586	-1.35300801095840	9.49969210173003	2.58222328149714
-0.812201540270416	-0.954041410336933	4.08469126862474	6.42695181560703
-4.62534493960931	-4.71766821363613	5.66155513608828	8.98981899349019
1.92165718109943	1.82285305291679	6.62720801751129	5.41188463941216
2.06246952197514	1.4694982512077	3.13538368302397	1.16545215318911
5.42223327674274	4.14739085240402	5.64511522953399	2.61451713042334
4.78413541704029	3.77714560636175	8.25887644966133	3.69452024530619
1.47266451015427	3.83449417454393	4.13438261044212	3.49267655075528
2.92737461361863	5.03143478063671	8.72818707674742	1.55448481976055
5.80855933678322	5.89299880832658	1.30994885065593	4.19789212942123
6.70232567746296	5.9459962585692	9.73897431278601	6.19333978602663
3.53741202429813	5.11812807612005	7.70599122601561	5.81528402632102
-0.747965268579757	-1.45521122348117	3.45929717621766	6.4384554727003
2.80962537674576	3.85561304953697	7.09395491378382	5.37534080515616
4.9009848406682	4.64184350631271	4.13152721244842	2.18463911232539
4.51384609277073	4.51553091078558	9.5231846945826	9.68113043857738
-4.12382219886534	-2.94826912274815	4.04761397442780	7.68215418723412
7.31959310833493	5.57496434549253	1.28541883593425	4.30155446194112
4.02626650837355	3.30799200181861	4.18227217835374	2.35742765408941
3.81708317927698	0.954940431713014	4.48411228996702	3.04245705972426
-3.11492870148725	-3.83291484823836	4.21252444083802	7.70605128025636
5.16582445851779	5.4950963292046	9.63971745409071	1.45533140003681
-0.315487996723680	-0.185008462239542	4.45364384353161	6.34593967162073
2.42024088323998	2.96756903227211	5.91703858948313	2.37925583566539
2.22928435239134	3.51104465323981	9.32791128265671	7.86502652522177
0.602459205735981	2.77297078548166	9.25173574406654	9.95752958394587
-1.87181262828090	-1.87237584385982	3.18459693575278	2.56598299625330
2.12712116851642	0.583119559594838	7.45381754939444	6.57217740337364
1.14673228076563	0.758138188692215	4.14051432255656	5.8418485657312
0.0121785528152053	0.327006499020377	5.9885501563549	8.36432436015457
0.59929347369076	-0.19153986780096	7.68675171770155	3.89572216477245
4.30187664327293	4.11329105271019	8.37728486745618	6.24094243091531
6.51372643703387	5.92938450443103	8.82691538520157	1.63839141512290
4.70371148821613	4.18871909995019	1.32278620894067	6.13579611806199
1.18607240301894	1.35630674937745	2.98021963075735	6.04609525552951
-0.169897131916707	-1.21109924735913	4.3027588869445	4.90753845544532
-1.43612253097520	-1.75727491585570	3.75126797822304	9.65753906709142
-1.23228554430234	0.325306995519737	7.55047411751002	7.40144515945576
4.62336784661359	3.99696005203657	7.29755889601074	3.32622578809969
8.43401993475276	6.46036985260033	9.19054834125564	9.33109783916734
3.44434868814221	3.14086542659494	8.61042348714545	4.78730496834032
4.67159033578238	2.68202707997895	8.00690176151693	8.34670671029016
-1.49433712033096	-1.97466316905287	4.60759085393511	7.79198542865925
1.36611652373087	0.820958348770656	6.19124192977324	4.70928974030539
0.599633100570556	0.832274782954096	1.68723501544446	5.62975148810074
2.71787075964844	4.77399544436709	8.85677365632728	5.88056246633641
2.69029388690810	3.83765462562843	9.60657162033021	9.7662187376991
-0.441585768574302	-0.261534094132582	5.54977971850894	1.66274159401655
2.93444028830429	4.03475496101462	9.31929727410898	7.92553424788639
0.75046206554913	2.31937572379011	2.21062179468572	8.85299418284558
1.53539249575022	1.58373570700707	3.1486330286134	9.9087902607862
-2.77085559139142	-2.17296546914692	5.40966359851882	9.68632879643701
2.28286286111356	-0.134476420713031	5.26654087100178	6.72779186768457
0.203905478233822	0.0943248375737824	4.9149474313017	1.58850364550017
3.30222073828850	2.85226872797999	1.35324064083397	2.15573279489763
1.62683132536302	1.13605739559932	6.79897913662717	5.43506302405149
1.00661271288051	0.956393176330831	7.44010480190627	6.969203742221
3.06641408677143	2.41172479877349	4.16500049154274	2.70440842350945
-1.58055876042314	-2.11234144370645	9.51901073940098	2.59838553960435
8.85357451109398	8.08285590194563	7.68795856507495	2.04004293004982
2.68934099738894	1.69621533157518	1.45707328314893	2.41257160203531
4.68617253132441	3.64266243858264	9.82328302785754	8.7166976458393
2.91112493804664	2.85330115641967	2.96040207287297	4.82374478527345
2.55493140528339	3.81817722987043	1.32576401834376	8.90507503971457
-4.30710017309837	-1.65347385782887	3.3463347889483	8.42343907547183
0.175335819555556	0.62477087807752	7.48374207317829	9.80937655153684
0.389257763679075	1.90666313984646	3.23104763054289	6.7108871426899
-1.49976804549069	-1.18170685271718	3.11424212390557	7.22370948432945
0.199813053014934	0.442470341556224	1.18910658592358	8.12965005426668
2.92132153763816	2.62858064024905	3.38158564968035	1.30753580969758
1.41167270128309	-0.260240406028373	7.22621457534842	8.37994312937371
6.03006130758618	4.33214558419212	1.31202452001162	7.18872546358034
7.69614947755583	6.77747581250818	1.56507516582496	4.8859920273535
3.18088421559766	2.94856937001135	4.5793548268266	3.19488208205439
2.66758011016976	2.24537119134559	5.41025582398288	1.07332932716236
1.35873464451161	1.40659940688023	6.67943872814067	4.78995529050007
-3.97908885978564	-2.38557628048575	7.51063881046139	8.08261217153631
2.63071116960475	0.681585331307249	1.69089213199914	6.36032910482027
2.80651863613861	1.61985408019470	4.79301472497173	9.86466752854176
6.02625605863837	4.85210591084357	9.7635401727166	5.75239110318944
5.13450233243443	5.64034150071941	8.3242520506028	5.70950575987808
-2.83583435092325	-3.41409261583107	3.01390950661153	8.07800324377604
-1.01074112232073	-1.50293385652524	5.40768075245433	1.78950168355368
0.894468637482926	2.46177320864663	1.10206173686311	3.3050078258384
-0.0727119824732431	0.0953077153422473	3.32742067240179	4.20943708205596
3.59129386451488	3.21368768686964	5.09138894686475	3.24149912199937
5.88427524183952	5.48117830513027	7.66879019397311	2.57516638957895
2.49216586210125	3.11966522606876	9.91594010591507	6.1562987267971
5.00589106402876	3.12323226572081	3.98984451475553	5.35053833457641
3.42883264047195	1.57328432278855	9.50312264915556	8.28954072250053
3.66259631081014	2.96629563931684	9.65668077906594	7.75463710562326
-2.58061453804332	-1.93841123671298	9.09349749679677	4.12699417863041
-4.12083379380468	-3.18323880743841	5.43444251595065	8.26187035860494
0.274992238820079	1.57440259475773	8.0644193009939	3.26587805291638
2.28302779455796	2.93762342262173	8.22807142371312	6.33667198568583
2.96087923157034	4.7991070435507	7.09990861313418	2.40594160044566
4.68891879624614	4.19136510408489	6.23149820743129	2.57643686397932
0.37412505184014	1.83760630491339	3.97601278615184	3.03739570826292
0.474672663330115	1.6728388339161	1.01183190918528	8.12766926805489
8.22452199235136	7.54341896200263	1.59221767727286	4.49538831762038
3.53793065637627	3.13031117317034	1.77356725605205	9.2009982925374
3.32798579919431	2.18966838628137	1.11798745137639	2.09662346076220
-1.70976218625306	-2.21148517505285	4.02171061839908	9.89051641267724
2.19637802587480	2.26342073564299	2.07337884861045	7.79759128531441
4.57743618285896	4.13738263937961	6.34235900850035	3.79698250512592
-0.491304484715503	1.03065663608821	1.33581408159807	1.17878822213970
3.28227217986507	3.17265052085851	1.08614612673409	7.14054755191319
2.89460161208095	2.70555706346424	2.45436513330787	4.94862460019067
5.58552311081961	4.8044819117983	8.4870908940211	8.95330634829588
6.59505268245587	6.64156199366144	7.90158478892408	1.66819407022558
0.847178410785774	0.751412480204352	3.45502284774557	5.08302600355819
0.411648116623483	1.74690598237935	2.69346968992613	8.992326435633
-0.987971588391122	-1.53675749515499	3.03185651288368	7.30143317510374
3.20018377895381	5.10542730337768	1.55773330805823	3.74154050089419
3.05252376658590	2.84824939841831	1.53910216875374	6.26401722151786
3.00462150253073	2.59658251661351	2.33340283343568	8.83408393035643
6.55944616668991	5.13269512805776	1.65689097321592	5.01871203351766
3.26053386481637	2.3352630926451	1.38597302674316	4.03635735716671
2.38273441480671	1.35841019785223	5.70215145079419	6.10217747790739
-0.188919874725696	1.60922224527931	8.10308340471238	4.74188483483158
2.34382198364973	0.741500105289526	7.25278013315983	8.49394598323852
3.96585212471644	4.40128547928235	1.59918442601338	2.38336829282343
9.14906082891883	6.50194079090741	1.16161971865222	6.92784138862044
2.45700355697835	3.13075288856701	4.97942581027746	1.00924137094989
2.20689484195325	3.38570831030635	2.41841874853708	3.88405835675076
4.19689248296125	3.48334187787549	7.46974104270339	9.55119592533447
2.6815104606285	2.69361152519872	7.33547649276443	1.11297258595005
7.50694705768222	6.24707740568931	8.96703674388118	1.71181688900106
0.823078029773684	1.30005482837603	3.92734913690947	2.91959533467889
1.16870385086132	2.11142489757147	9.73793409974314	9.953589330893
5.06016652394868	4.2994909755067	9.86338239628822	5.42835628823377
6.59771084651369	6.84766227002696	1.35266245924868	6.64870706270449
11.0433561648745	9.9644929740476	9.04214159282856	1.05365201528184
2.52418485315498	1.88134061997367	8.40159236150794	3.57268598861992
1.13546369561150	1.36305834949178	7.51820223545656	9.87832375476137
-2.32854049284102	-2.50449001721425	3.60028124018572	7.81923092436045
-0.324526728432821	-0.69314653770889	5.51753744133748	1.61447491799481
-2.84414406465856	-1.67519462289247	4.855123011861	8.2968758076895
1.75878190137535	2.33821443622537	6.49014414451085	2.10584266367368
1.94576054359021	1.64842078252223	9.33501856657676	4.68926524580456
4.17467713802798	2.32222881610139	3.16110931965522	9.34789280733094
0.677295183606168	-0.129418473891054	3.44693650514819	5.98787415376864
4.09548882486222	3.60730136687369	7.6150328181684	1.12839952902868
1.59261441228640	0.66611306872946	7.76391285704449	9.7062875307165
2.84755383268147	2.38924393754046	9.37532728770748	7.9305897927843
0.72350990594505	1.37545326438638	5.16457247291692	1.7195717189461
1.49785411625431	0.282049651439457	8.74622059054673	4.28877863520756
0.488342019996607	1.57485038185435	3.80832777568139	5.32383890729398
-1.8206937087606	-0.845589996801364	2.87235112092458	7.08184622786939
4.57670700561022	4.26368069288598	9.28744720504619	8.07802525674924
2.42253515557974	0.731002164167255	1.47463195794262	8.29052251577377
2.59962591051824	3.17201343522753	4.70039887959138	1.70809753262438
3.95247916563219	2.90121606292257	5.10707093658857	2.52022996917367
1.82014546141079	2.00140023877843	4.7427422280889	1.33059514616616
2.52608939213505	2.04044235630615	7.0331810656935	3.1612807798665
0.373246232978062	1.80917905278066	7.8121367204003	9.20975663745776
8.94314838961691	10.0050894468667	9.20486183022149	1.01227131788619
4.11697520744632	2.22436856645193	8.37956877262332	3.04570403299294
2.09870874126929	2.07421804480043	1.84284867299721	2.51436638575979
-2.84911178641509	-2.91696551108174	2.60115473181941	2.34786263480783
1.84426076905413	4.41667729080732	6.7799312218558	6.8328744508326
3.34734198021069	2.12704443186051	8.86854694457725	5.37015294353478
2.38624622351284	2.51994517420141	6.33082015370019	7.23919887468219
1.59800248443876	1.14337941969405	3.36188972997479	3.60702510992996
3.21261570711285	2.85093531242488	8.95377037674189	9.80804493743926
1.61656141521743	1.22514462628215	2.6892041163519	3.5931369648315
1.60344280001372	2.00547082808392	5.39980284054764	5.73188069090247
3.93153227308142	2.04653464622768	1.08838438405655	1.70040042675100
-4.14394054350911	-4.27972975229968	4.24390638899058	7.10698451730423
1.74948021754951	1.91861932698649	4.97945521818474	2.63754744874313
2.11637607226756	0.494550637939965	2.13156299246475	5.76824009604752
3.33642439394492	3.70943974611503	6.6192809289787	8.21510946005583
-0.435841335905947	0.910622691077865	3.72188198543154	3.81868476327509
-2.78946899341363	-0.700788254254088	3.15673505375162	7.22146070562303
-3.37815039306903	-3.27653205063064	4.22766787232831	7.95740070356987
0.745967776998952	1.34036377780137	9.03619371261448	3.35614269273356
2.69731069103145	2.91320376615539	9.9156453856267	7.10884137707762
2.91305690918273	2.83779691071965	7.59179077716544	9.92928966344334
7.04690207125428	4.87997668095648	9.93509279447608	5.96338767884299
-2.49911022629190	-3.14451519169341	5.85810425900854	9.37616026238538
3.60726033964892	3.80459299038183	4.90421585645527	2.86663910327479
-1.60758284625370	-2.88126042817695	9.68206306779757	3.06963135534897
0.582267106133609	0.889606331330355	2.33487678901292	5.35587930423208
5.66388751234139	5.14186598547894	1.59843750204891	5.14953454444185
3.78840563094706	2.62577277986903	1.21826339233667	8.04449221258983
-0.166965765759739	-0.0741168852217576	6.51180917653255	1.00544739468023
-0.096091449670011	1.80585673245261	7.26947873248719	7.75561042060144
5.75302549983027	6.24629170143372	8.2102769848425	8.47659193794243
3.43922760840585	1.57553522129519	2.23957255505957	3.83204112690873
1.18364941411406	1.39645841000860	2.43806340452284	7.40829844027758
-4.1496777665014	-5.28633778773431	9.89950233674608	3.26540394313633
1.62752715236349	1.18478770171645	4.58781125978567	3.78412748407573
-0.323940338119757	-0.393844818391519	2.69120634556748	7.26359362434596
-1.97010390538067	0.655779231995358	5.29955417010933	4.80786082311533
1.69132364098265	0.97490980703676	5.89810620457865	8.67601191718131
2.09463555220442	2.69924727436534	3.95342182624154	5.80959924985655
3.36661944201916	3.7372039396932	9.9993753428571	5.93359764688648
-0.573106967647368	-0.0394386054574624	5.75003652391024	8.60989580652677
6.24912035096268	4.43693381615281	2.20361057366244	4.39326171949506
0.649061147243517	1.84537021718968	4.94686060980894	2.49439310678281
2.62247183616827	5.31423954141874	6.5871454582084	2.70323225809261
2.21187110905789	1.66535775342596	2.8262117090635	8.71181034459732
3.88804926625051	3.11912285715693	2.20752795459703	4.037529111607
3.79290630197454	3.97966410122561	7.99150598235428	7.97525411541574
3.30580686829610	3.5351666237149	6.72354863816872	1.62163181859069
3.80918610319598	2.17900046853781	3.53922666958533	3.1685433909297
-2.40416949725942	-0.239498056292794	2.72133510489948	3.18521654070355
-0.8530193058054	0.224756731658792	3.38983047939837	4.48401690181345
